540
1 
3 
9 
5 
15 
45 
25 
75 
225 
19 
57 
171 
95 
285 
855 
475 
1425 
4275 
361 
1083 
3249 
1805 
5415 
16245 
9025 
27075 
81225 
23 
69 
207 
115 
345 
1035 
575 
1725 
5175 
437 
1311 
3933 
2185 
6555 
19665 
10925 
32775 
98325 
8303 
24909 
74727 
41515 
124545 
373635 
207575 
622725 
1868175 
529 
1587 
4761 
2645 
7935 
23805 
13225 
39675 
119025 
10051 
30153 
90459 
50255 
150765 
452295 
251275 
753825 
2261475 
190969 
572907 
1718721 
954845 
2864535 
8593605 
4774225 
14322675 
42968025 
12167 
36501 
109503 
60835 
182505 
547515 
304175 
912525 
2737575 
231173 
693519 
2080557 
1155865 
3467595 
10402785 
5779325 
17337975 
52013925 
4392287 
13176861 
39530583 
21961435 
65884305 
197652915 
109807175 
329421525 
988264575 
41 
123 
369 
205 
615 
1845 
1025 
3075 
9225 
779 
2337 
7011 
3895 
11685 
35055 
19475 
58425 
175275 
14801 
44403 
133209 
74005 
222015 
666045 
370025 
1110075 
3330225 
943 
2829 
8487 
4715 
14145 
42435 
23575 
70725 
212175 
17917 
53751 
161253 
89585 
268755 
806265 
447925 
1343775 
4031325 
340423 
1021269 
3063807 
1702115 
5106345 
15319035 
8510575 
25531725 
76595175 
21689 
65067 
195201 
108445 
325335 
976005 
542225 
1626675 
4880025 
412091 
1236273 
3708819 
2060455 
6181365 
18544095 
10302275 
30906825 
92720475 
7829729 
23489187 
70467561 
39148645 
117445935 
352337805 
195743225 
587229675 
1761689025 
498847 
1496541 
4489623 
2494235 
7482705 
22448115 
12471175 
37413525 
112240575 
9478093 
28434279 
85302837 
47390465 
142171395 
426514185 
236952325 
710856975 
2132570925 
180083767 
540251301 
1620753903 
900418835 
2701256505 
8103769515 
4502094175 
13506282525 
40518847575 
1681 
5043 
15129 
8405 
25215 
75645 
42025 
126075 
378225 
31939 
95817 
287451 
159695 
479085 
1437255 
798475 
2395425 
7186275 
606841 
1820523 
5461569 
3034205 
9102615 
27307845 
15171025 
45513075 
136539225 
38663 
115989 
347967 
193315 
579945 
1739835 
966575 
2899725 
8699175 
734597 
2203791 
6611373 
3672985 
11018955 
33056865 
18364925 
55094775 
165284325 
13957343 
41872029 
125616087 
69786715 
209360145 
628080435 
348933575 
1046800725 
3140402175 
889249 
2667747 
8003241 
4446245 
13338735 
40016205 
22231225 
66693675 
200081025 
16895731 
50687193 
152061579 
84478655 
253435965 
760307895 
422393275 
1267179825 
3801539475 
321018889 
963056667 
2889170001 
1605094445 
4815283335 
14445850005 
8025472225 
24076416675 
72229250025 
20452727 
61358181 
184074543 
102263635 
306790905 
920372715 
511318175 
1533954525 
4601863575 
388601813 
1165805439 
3497416317 
1943009065 
5829027195 
17487081585 
9715045325 
29145135975 
87435407925 
7383434447 
22150303341 
66450910023 
36917172235 
110751516705 
332254550115 
184585861175 
553757583525 
1661272750575 
68921 
206763 
620289 
344605 
1033815 
3101445 
1723025 
5169075 
15507225 
1309499 
3928497 
11785491 
6547495 
19642485 
58927455 
32737475 
98212425 
294637275 
24880481 
74641443 
223924329 
124402405 
373207215 
1119621645 
622012025 
1866036075 
5598108225 
1585183 
4755549 
14266647 
7925915 
23777745 
71333235 
39629575 
118888725 
356666175 
30118477 
90355431 
271066293 
150592385 
451777155 
1355331465 
752961925 
2258885775 
6776657325 
572251063 
1716753189 
5150259567 
2861255315 
8583765945 
25751297835 
14306276575 
42918829725 
128756489175 
36459209 
109377627 
328132881 
182296045 
546888135 
1640664405 
911480225 
2734440675 
8203322025 
692724971 
2078174913 
6234524739 
3463624855 
10390874565 
31172623695 
17318124275 
51954372825 
155863118475 
13161774449 
39485323347 
118455970041 
65808872245 
197426616735 
592279850205 
329044361225 
987133083675 
2961399251025 
838561807 
2515685421 
7547056263 
4192809035 
12578427105 
37735281315 
20964045175 
62892135525 
188676406575 
15932674333 
47798022999 
143394068997 
79663371665 
238990114995 
716970344985 
398316858325 
1194950574975 
3584851724925 
302720812327 
908162436981 
2724487310943 
1513604061635 
4540812184905 
13622436554715 
7568020308175 
22704060924525 
68112182773575 
2825761 
8477283 
25431849 
14128805 
42386415 
127159245 
70644025 
211932075 
635796225 
53689459 
161068377 
483205131 
268447295 
805341885 
2416025655 
1342236475 
4026709425 
12080128275 
1020099721 
3060299163 
9180897489 
5100498605 
15301495815 
45904487445 
25502493025 
76507479075 
229522437225 
64992503 
194977509 
584932527 
324962515 
974887545 
2924662635 
1624812575 
4874437725 
14623313175 
1234857557 
3704572671 
11113718013 
6174287785 
18522863355 
55568590065 
30871438925 
92614316775 
277842950325 
23462293583 
70386880749 
211160642247 
117311467915 
351934403745 
1055803211235 
586557339575 
1759672018725 
5279016056175 
1494827569 
4484482707 
13453448121 
7474137845 
22422413535 
67267240605 
37370689225 
112112067675 
336336203025 
28401723811 
85205171433 
255615514299 
142008619055 
426025857165 
1278077571495 
710043095275 
2130129285825 
6390387857475 
539632752409 
1618898257227 
4856694771681 
2698163762045 
8094491286135 
24283473858405 
13490818810225 
40472456430675 
121417369292025 
34381034087 
103143102261 
309429306783 
171905170435 
515715511305 
1547146533915 
859525852175 
2578577556525 
7735732669575 
653239647653 
1959718942959 
5879156828877 
3266198238265 
9798594714795 
29395784144385 
16330991191325 
48992973573975 
146978920721925 
12411553305407 
37234659916221 
111703979748663 
62057766527035 
186173299581105 
558519898743315 
310288832635175 
930866497905525 
2792599493716575 
