120
3 2 3 4
4 5 6 7 8
2 9 10
3 11 12 13 
3 14 15 16
2 17 18 
2 19 20 
2 21 22 
4 23 24 25 26
2 27 28 
2 29 30
2 31 32 
5 33 34 35 36 37 
2 38 39 
3 40 41 42
0
3 43 44 45 
1 46 
0 
2 47 48 
1 49
2 50 51 
0 
3 52 53 54 
2 55 56 
2 57 58
1 59 
0 
4 60 61 62 63
2 64 65 
0 
2 66 67 
2 68 69
1 70 
2 71 72 
2 73 74 
1 75
2 78 77 
2 78 79 
2 80 81
0 
2 82 83
2 84 85 
0
0
1 86 
2 87 88
2 89 90
0
2 91 92 
2 93 94
2 95 96 
2 97 98
3 99 100 101 
2 102 103
0 
0
0 
2 104 105
0
0 
2 106 107 
1 108
0 
2 109 110
0
2 111 112 
1 113 
2 114 115
0 
0
3 116 117 118 
2 119 120