

x3	0	6.3	2	1	1	0	
x4	0	10	1	3	0	1	
delta		-0	-2	-4	-0	-0	


x3	0	3	1.7	0	1	-0.33	
x2	4	3.3	0.33	1	0	0.33	
delta		13	-0.67	0	0	1.3	


x1	2	1.8	1	0	0.6	-0.2	
x2	4	2.7	0	1	-0.2	0.4	
delta		15	0	0	0.4	1.2	

решение получено:
F = 15
X1 = 1.8
X2 = 2.7

1)



x3	0	6.3	2	1	1	0	0	
x4	0	10	1	3	0	1	0	
x5	0	1	1	0	0	0	1	
delta		-0	-2	-4	-0	-0	-0	


x3	0	3	1.7	0	1	-0.33	0	
x2	4	3.3	0.33	1	0	0.33	0	
x5	0	1	1	0	0	0	1	
delta		13	-0.67	0	0	1.3	0	


x3	0	1.3	0	0	1	-0.33	-1.7	
x2	4	3	0	1	0	0.33	-0.33	
x1	2	1	1	0	0	0	1	
delta		14	0	0	0	1.3	0.67	

решение получено:
F = 14
X2 = 3
X1 = 1

2)



x3	0	6.3	2	1	1	0	0	
x4	0	10	1	3	0	1	0	
x5	0	-2	-1	0	0	0	1	
delta		-0	-2	-4	-0	-0	-0	


x3	0	2.3	0	1	1	0	2	
x4	0	8	0	3	0	1	1	
x1	2	2	1	-0	-0	-0	-1	
delta		-0	-2	-4	-0	-0	-0	


x2	4	2.3	0	1	1	0	2	
x4	0	1	0	0	-3	1	-5	
x1	2	2	1	0	0	0	-1	
delta		9.3	-2	0	4	0	8	


x2	4	2.3	0	1	1	0	2	
x4	0	1	0	0	-3	1	-5	
x1	2	2	1	0	0	0	-1	
delta		13	0	0	4	0	6	

решение получено:
F = 13
X2 = 2.3
X1 = 2

3)



x3	0	6.3	2	1	1	0	0	0	
x4	0	10	1	3	0	1	0	0	
x5	0	-2	-1	0	0	0	1	0	
x6	0	2	0	1	0	0	0	1	
delta		-0	-2	-4	-0	-0	-0	-0	


x3	0	2.3	0	1	1	0	2	0	
x4	0	8	0	3	0	1	1	0	
x1	2	2	1	-0	-0	-0	-1	-0	
x6	0	2	0	1	0	0	0	1	
delta		-0	-2	-4	-0	-0	-0	-0	


x3	0	0.33	0	0	1	0	2	-1	
x4	0	2	0	0	0	1	1	-3	
x1	2	2	1	0	0	0	-1	0	
x2	4	2	0	1	0	0	0	1	
delta		8	-2	0	0	0	0	4	


x3	0	0.33	0	0	1	0	2	-1	
x4	0	2	0	0	0	1	1	-3	
x1	2	2	1	0	0	0	-1	0	
x2	4	2	0	1	0	0	0	1	
delta		12	0	0	0	0	-2	4	


x5	0	0.16	0	0	0.5	0	1	-0.5	
x4	0	1.8	0	0	-0.5	1	0	-2.5	
x1	2	2.2	1	0	0.5	0	0	-0.5	
x2	4	2	0	1	0	0	0	1	
delta		12	0	0	1	0	0	3	

решение получено:
F = 12
X1 = 2.2
X2 = 2

4)



x3	0	6.3	2	1	1	0	0	0	
x4	0	10	1	3	0	1	0	0	
x5	0	-2	-1	0	0	0	1	0	
x6	0	-3	0	-1	0	0	0	1	
delta		-0	-2	-4	-0	-0	-0	-0	


x3	0	2.3	0	1	1	0	2	0	
x4	0	8	0	3	0	1	1	0	
x1	2	2	1	-0	-0	-0	-1	-0	
x6	0	-3	0	-1	0	0	0	1	
delta		-0	-2	-4	-0	-0	-0	-0	


x3	0	-0.67	0	0	1	0	2	1	
x4	0	-1	0	0	0	1	1	3	
x1	2	2	1	0	-0	-0	-1	-0	
x2	4	3	-0	1	-0	-0	-0	-1	
delta		-0	-2	-4	-0	-0	-0	-0	

решений нет (отрицательный базис)

5)



x3	0	6.3	2	1	1	0	0	0	0	
x4	0	10	1	3	0	1	0	0	0	
x5	0	-2	-1	0	0	0	1	0	0	
x6	0	-3	0	-1	0	0	0	1	0	
x7	1	0	0	0	0	0	0	0	1	
delta		-0	-2	-4	-0	-0	-0	-0	-0	


x3	0	2.3	0	1	1	0	2	0	0	
x4	0	8	0	3	0	1	1	0	0	
x1	2	2	1	-0	-0	-0	-1	-0	-0	
x6	0	-3	0	-1	0	0	0	1	0	
x7	1	0	0	0	0	0	0	0	1	
delta		-0	-2	-4	-0	-0	-0	-0	-0	


x3	0	-0.67	0	0	1	0	2	1	0	
x4	0	-1	0	0	0	1	1	3	0	
x1	2	2	1	0	-0	-0	-1	-0	-0	
x2	4	3	-0	1	-0	-0	-0	-1	-0	
x7	1	0	0	0	0	0	0	0	1	
delta		-0	-2	-4	-0	-0	-0	-0	-0	

решений нет (отрицательный базис)

6)



x3	0	6.3	2	1	1	0	0	0	0	
x4	0	10	1	3	0	1	0	0	0	
x5	0	-2	-1	0	0	0	1	0	0	
x6	0	-3	0	-1	0	0	0	1	0	
x7	-1	-1	0	0	0	0	0	0	1	
delta		-0	-2	-4	-0	-0	-0	-0	-0	


x3	0	2.3	0	1	1	0	2	0	0	
x4	0	8	0	3	0	1	1	0	0	
x1	2	2	1	-0	-0	-0	-1	-0	-0	
x6	0	-3	0	-1	0	0	0	1	0	
x7	-1	-1	0	0	0	0	0	0	1	
delta		-0	-2	-4	-0	-0	-0	-0	-0	


x3	0	-0.67	0	0	1	0	2	1	0	
x4	0	-1	0	0	0	1	1	3	0	
x1	2	2	1	0	-0	-0	-1	-0	-0	
x2	4	3	-0	1	-0	-0	-0	-1	-0	
x7	-1	-1	0	0	0	0	0	0	1	
delta		-0	-2	-4	-0	-0	-0	-0	-0	

решений нет (отрицательный базис)

7)



x3	0	6.3	2	1	1	0	0	0	0	0	
x4	0	10	1	3	0	1	0	0	0	0	
x5	0	-2	-1	0	0	0	1	0	0	0	
x6	0	-3	0	-1	0	0	0	1	0	0	
x7	-1	-1	0	0	0	0	0	0	1	0	
x8	1	0	0	0	0	0	0	0	0	1	
delta		-0	-2	-4	-0	-0	-0	-0	-0	-0	


x3	0	2.3	0	1	1	0	2	0	0	0	
x4	0	8	0	3	0	1	1	0	0	0	
x1	2	2	1	-0	-0	-0	-1	-0	-0	-0	
x6	0	-3	0	-1	0	0	0	1	0	0	
x7	-1	-1	0	0	0	0	0	0	1	0	
x8	1	0	0	0	0	0	0	0	0	1	
delta		-0	-2	-4	-0	-0	-0	-0	-0	-0	


x3	0	-0.67	0	0	1	0	2	1	0	0	
x4	0	-1	0	0	0	1	1	3	0	0	
x1	2	2	1	0	-0	-0	-1	-0	-0	-0	
x2	4	3	-0	1	-0	-0	-0	-1	-0	-0	
x7	-1	-1	0	0	0	0	0	0	1	0	
x8	1	0	0	0	0	0	0	0	0	1	
delta		-0	-2	-4	-0	-0	-0	-0	-0	-0	

решений нет (отрицательный базис)

8)



x3	0	6.3	2	1	1	0	0	0	0	0	
x4	0	10	1	3	0	1	0	0	0	0	
x5	0	-2	-1	0	0	0	1	0	0	0	
x6	0	-3	0	-1	0	0	0	1	0	0	
x7	-1	-1	0	0	0	0	0	0	1	0	
x8	-1	-1	0	0	0	0	0	0	0	1	
delta		-0	-2	-4	-0	-0	-0	-0	-0	-0	


x3	0	2.3	0	1	1	0	2	0	0	0	
x4	0	8	0	3	0	1	1	0	0	0	
x1	2	2	1	-0	-0	-0	-1	-0	-0	-0	
x6	0	-3	0	-1	0	0	0	1	0	0	
x7	-1	-1	0	0	0	0	0	0	1	0	
x8	-1	-1	0	0	0	0	0	0	0	1	
delta		-0	-2	-4	-0	-0	-0	-0	-0	-0	


x3	0	-0.67	0	0	1	0	2	1	0	0	
x4	0	-1	0	0	0	1	1	3	0	0	
x1	2	2	1	0	-0	-0	-1	-0	-0	-0	
x2	4	3	-0	1	-0	-0	-0	-1	-0	-0	
x7	-1	-1	0	0	0	0	0	0	1	0	
x8	-1	-1	0	0	0	0	0	0	0	1	
delta		-0	-2	-4	-0	-0	-0	-0	-0	-0	

решений нет (отрицательный базис)

Целочисленные X:
F = 14 X1 = 1 X2 = 3 

Конечный результат:
F = 14 X1 = 1 X2 = 3 

