%
Copyright (C) 1991-2010 Altera Corporation
Your use of Altera Corporation's design tools, logic functions 
and other software and tools, and its AMPP partner logic 
functions, and any output files from any of the foregoing 
(including device programming or simulation files), and any 
associated documentation or information are expressly subject 
to the terms and conditions of the Altera Program License 
Subscription Agreement, Altera MegaCore Function License 
Agreement, or other applicable license agreement, including, 
without limitation, that your use is for the sole purpose of 
programming logic devices manufactured by Altera and sold by 
Altera or its authorized distributors.  Please refer to the 
applicable agreement for further details.
%

GROUP CREATE X = X[31] X[30] X[29] X[28] X[27] X[26] X[25] X[24] X[23] X[22] X[21] X[20] X[19] X[18] X[17] X[16] X[15] X[14] X[13] X[12] X[11] X[10] X[9] X[8] X[7] X[6] X[5] X[4] X[3] X[2] X[1] X[0] ;
GROUP CREATE Mode = Mode[1] Mode[0] ;
GROUP CREATE P = P[10] P[9] P[8] P[7] P[6] P[5] P[4] P[3] P[2] P[1] P[0] ;
GROUP CREATE Result = Result[31] Result[30] Result[29] Result[28] Result[27] Result[26] Result[25] Result[24] Result[23] Result[22] Result[21] Result[20] Result[19] Result[18] Result[17] Result[16] Result[15] Result[14] Result[13] Result[12] Result[11] Result[10] Result[9] Result[8] Result[7] Result[6] Result[5] Result[4] Result[3] Result[2] Result[1] Result[0] ;
GROUP CREATE Y = Y[27] Y[26] Y[25] Y[24] Y[23] Y[22] Y[21] Y[20] Y[19] Y[18] Y[17] Y[16] Y[15] Y[14] Y[13] Y[12] Y[11] Y[10] Y[9] Y[8] Y[7] Y[6] Y[5] Y[4] Y[3] Y[2] Y[1] Y[0] ;
INPUTS clk Reset X XX Z Mode;
OUTPUTS CF PRS RDY P Result SF Y ZF RG2[23] RG2[22] RG2[21] RG2[20] RG2[19] RG2[18] RG2[17] RG2[16] RG2[15] RG2[14] RG2[13] RG2[12] RG2[11] RG2[10] RG2[9] RG2[8] RG2[7] RG2[6] RG2[5] RG2[4] RG2[3] RG2[2] RG2[1] RG2[0];
UNIT ns;
RADIX HEX;
PATTERN
   0.0> 0 0 00000000 1 1 1 = 0 0 0 791 X0000000 0 0000000 0 0 0 0 0 0 0 0 0 0 0 0 0 0 0 0 0 0 0 0 0 0 0 0 0 
  10.0> 1 0 00000000 1 1 1 = 0 0 0 791 X0000000 0 0000000 0 0 0 0 0 0 0 0 0 0 0 0 0 0 0 0 0 0 0 0 0 0 0 0 0 
 15.96> 1 0 00000000 1 1 1 = 0 0 0 791 X0000000 0 0000020 0 0 0 0 0 0 0 0 0 0 0 0 0 0 0 0 0 0 0 0 0 0 0 0 0 
  16.1> 1 0 00000000 1 1 1 = 0 0 0 791 X0000000 0 0400020 0 0 0 0 0 0 0 0 0 0 0 0 0 0 0 0 0 0 0 0 0 0 0 0 0 
16.196> 1 0 00000000 1 1 1 = 0 0 0 791 X0000000 0 0400021 0 0 0 0 0 0 0 0 0 0 0 0 0 0 0 0 0 0 0 0 0 0 0 0 0 
16.271> 1 0 00000000 1 1 1 = 0 0 0 791 X0000000 0 0440021 0 0 0 0 0 0 0 0 0 0 0 0 0 0 0 0 0 0 0 0 0 0 0 0 0 
17.622> 1 0 00000000 1 1 1 = 0 0 0 791 00000000 0 0440021 0 0 0 0 0 0 0 0 0 0 0 0 0 0 0 0 0 0 0 0 0 0 0 0 0 
  40.0> 1 0 00C00000 1 1 1 = 0 0 0 791 00000000 0 0440021 0 0 0 0 0 0 0 0 0 0 0 0 0 0 0 0 0 0 0 0 0 0 0 0 0 
  60.0> 0 0 00C00000 1 1 1 = 0 0 0 791 00000000 0 0440021 0 0 0 0 0 0 0 0 0 0 0 0 0 0 0 0 0 0 0 0 0 0 0 0 0 
66.153> 0 0 00C00000 1 1 1 = 0 0 0 791 00000000 0 0440021 0 0 1 0 0 0 0 0 0 0 0 0 0 0 0 0 0 0 0 0 0 0 0 0 0 
67.275> 0 0 00C00000 1 1 1 = 0 0 0 391 00000000 0 0440021 0 0 1 0 0 0 0 0 0 0 0 0 0 0 0 0 0 0 0 0 0 0 0 0 0 
68.061> 0 0 00C00000 1 1 1 = 0 0 0 390 00000000 0 0440021 0 0 1 0 0 0 0 0 0 0 0 0 0 0 0 0 0 0 0 0 0 0 0 0 0 
 110.0> 1 0 00C00000 1 1 1 = 0 0 0 390 00000000 0 0440021 0 0 1 0 0 0 0 0 0 0 0 0 0 0 0 0 0 0 0 0 0 0 0 0 0 
115.969> 1 0 00C00000 1 1 1 = 0 0 0 390 00000000 0 04C0021 0 0 1 0 0 0 0 0 0 0 0 0 0 0 0 0 0 0 0 0 0 0 0 0 0 
116.002> 1 0 00C00000 1 1 1 = 0 0 0 390 00000000 0 04C0001 0 0 1 0 0 0 0 0 0 0 0 0 0 0 0 0 0 0 0 0 0 0 0 0 0 
116.198> 1 0 00C00000 1 1 1 = 0 0 0 390 00000000 0 04C4001 0 0 1 0 0 0 0 0 0 0 0 0 0 0 0 0 0 0 0 0 0 0 0 0 0 
116.222> 1 0 00C00000 1 1 1 = 0 0 0 390 00000000 0 04C4000 0 0 1 0 0 0 0 0 0 0 0 0 0 0 0 0 0 0 0 0 0 0 0 0 0 
116.231> 1 0 00C00000 1 1 1 = 0 0 0 390 00000000 0 00C4000 0 0 1 0 0 0 0 0 0 0 0 0 0 0 0 0 0 0 0 0 0 0 0 0 0 
116.251> 1 0 00C00000 1 1 1 = 0 0 0 390 00000000 0 00C4040 0 0 1 0 0 0 0 0 0 0 0 0 0 0 0 0 0 0 0 0 0 0 0 0 0 
116.301> 1 0 00C00000 1 1 1 = 0 0 0 390 00000000 0 0084040 0 0 1 0 0 0 0 0 0 0 0 0 0 0 0 0 0 0 0 0 0 0 0 0 0 
  120.0> 1 0 00000000 1 1 1 = 0 0 0 390 00000000 0 0084040 0 0 1 0 0 0 0 0 0 0 0 0 0 0 0 0 0 0 0 0 0 0 0 0 0 
  160.0> 0 0 00000000 1 1 1 = 0 0 0 390 00000000 0 0084040 0 0 1 0 0 0 0 0 0 0 0 0 0 0 0 0 0 0 0 0 0 0 0 0 0 
165.989> 0 0 00000000 1 1 1 = 0 0 0 390 80000000 0 0084040 0 0 1 0 0 0 0 0 0 0 0 0 0 0 0 0 0 0 0 0 0 0 0 0 0 
166.169> 0 0 00000000 1 1 1 = 0 0 0 390 80000001 0 0084040 0 0 1 0 0 0 0 0 0 0 0 0 0 0 0 0 0 0 0 0 0 0 0 0 0 
166.745> 0 0 00000000 1 1 1 = 0 0 0 390 80800001 0 0084040 0 0 1 0 0 0 0 0 0 0 0 0 0 0 0 0 0 0 0 0 0 0 0 0 0 
167.464> 0 0 00000000 1 1 1 = 0 0 0 290 80800001 0 0084040 0 0 1 0 0 0 0 0 0 0 0 0 0 0 0 0 0 0 0 0 0 0 0 0 0 
167.998> 0 0 00000000 1 1 1 = 0 0 0 298 80800001 0 0084040 0 0 1 0 0 0 0 0 0 0 0 0 0 0 0 0 0 0 0 0 0 0 0 0 0 
168.299> 0 0 00000000 1 1 1 = 0 0 0 298 80800000 0 0084040 0 0 1 0 0 0 0 0 0 0 0 0 0 0 0 0 0 0 0 0 0 0 0 0 0 
168.441> 0 0 00000000 1 1 1 = 0 0 0 288 80800000 0 0084040 0 0 1 0 0 0 0 0 0 0 0 0 0 0 0 0 0 0 0 0 0 0 0 0 0 
168.444> 0 0 00000000 1 1 1 = 0 0 0 088 80800000 0 0084040 0 0 1 0 0 0 0 0 0 0 0 0 0 0 0 0 0 0 0 0 0 0 0 0 0 
  210.0> 1 0 00000000 1 1 1 = 0 0 0 088 80800000 0 0084040 0 0 1 0 0 0 0 0 0 0 0 0 0 0 0 0 0 0 0 0 0 0 0 0 0 
216.011> 1 0 00000000 1 1 1 = 0 0 0 088 80800000 0 0004040 0 0 1 0 0 0 0 0 0 0 0 0 0 0 0 0 0 0 0 0 0 0 0 0 0 
216.196> 1 0 00000000 1 1 1 = 0 0 0 088 80800000 0 0004041 0 0 1 0 0 0 0 0 0 0 0 0 0 0 0 0 0 0 0 0 0 0 0 0 0 
216.248> 1 0 00000000 1 1 1 = 0 0 0 088 80800000 0 0000041 0 0 1 0 0 0 0 0 0 0 0 0 0 0 0 0 0 0 0 0 0 0 0 0 0 
216.295> 1 0 00000000 1 1 1 = 0 0 0 088 80800000 0 0000001 0 0 1 0 0 0 0 0 0 0 0 0 0 0 0 0 0 0 0 0 0 0 0 0 0 
  240.0> 1 0 01C00000 1 1 1 = 0 0 0 088 80800000 0 0000001 0 0 1 0 0 0 0 0 0 0 0 0 0 0 0 0 0 0 0 0 0 0 0 0 0 
  260.0> 0 0 01C00000 1 1 1 = 0 0 0 088 80800000 0 0000001 0 0 1 0 0 0 0 0 0 0 0 0 0 0 0 0 0 0 0 0 0 0 0 0 0 
  310.0> 1 0 01C00000 1 1 1 = 0 0 0 088 80800000 0 0000001 0 0 1 0 0 0 0 0 0 0 0 0 0 0 0 0 0 0 0 0 0 0 0 0 0 
316.222> 1 0 01C00000 1 1 1 = 0 0 0 088 80800000 0 0000000 0 0 1 0 0 0 0 0 0 0 0 0 0 0 0 0 0 0 0 0 0 0 0 0 0 
  320.0> 1 0 00000000 1 1 1 = 0 0 0 088 80800000 0 0000000 0 0 1 0 0 0 0 0 0 0 0 0 0 0 0 0 0 0 0 0 0 0 0 0 0 
  360.0> 0 0 00000000 1 1 1 = 0 0 0 088 80800000 0 0000000 0 0 1 0 0 0 0 0 0 0 0 0 0 0 0 0 0 0 0 0 0 0 0 0 0 
  410.0> 1 0 00000000 1 1 1 = 0 0 0 088 80800000 0 0000000 0 0 1 0 0 0 0 0 0 0 0 0 0 0 0 0 0 0 0 0 0 0 0 0 0 
416.271> 1 0 00000000 1 1 1 = 0 0 0 088 80800000 0 0040000 0 0 1 0 0 0 0 0 0 0 0 0 0 0 0 0 0 0 0 0 0 0 0 0 0 
  460.0> 0 0 00000000 1 1 1 = 0 0 0 088 80800000 0 0040000 0 0 1 0 0 0 0 0 0 0 0 0 0 0 0 0 0 0 0 0 0 0 0 0 0 
466.073> 0 0 00000000 1 1 1 = 0 0 0 088 00800000 0 0040000 0 0 1 0 0 0 0 0 0 0 0 0 0 0 0 0 0 0 0 0 0 0 0 0 0 
467.556> 0 0 00000000 1 1 1 = 0 0 0 188 00800000 0 0040000 0 0 1 0 0 0 0 0 0 0 0 0 0 0 0 0 0 0 0 0 0 0 0 0 0 
468.393> 0 0 00000000 1 1 1 = 0 0 0 388 00800000 0 0040000 0 0 1 0 0 0 0 0 0 0 0 0 0 0 0 0 0 0 0 0 0 0 0 0 0 
  510.0> 1 0 00000000 1 1 1 = 0 0 0 388 00800000 0 0040000 0 0 1 0 0 0 0 0 0 0 0 0 0 0 0 0 0 0 0 0 0 0 0 0 0 
516.301> 1 0 00000000 1 1 1 = 0 0 0 388 00800000 0 0000000 0 0 1 0 0 0 0 0 0 0 0 0 0 0 0 0 0 0 0 0 0 0 0 0 0 
  560.0> 0 0 00000000 1 1 1 = 0 0 0 388 00800000 0 0000000 0 0 1 0 0 0 0 0 0 0 0 0 0 0 0 0 0 0 0 0 0 0 0 0 0 
  610.0> 1 0 00000000 1 1 1 = 0 0 0 388 00800000 0 0000000 0 0 1 0 0 0 0 0 0 0 0 0 0 0 0 0 0 0 0 0 0 0 0 0 0 
616.251> 1 0 00000000 1 1 1 = 0 0 0 388 00800000 0 0000040 0 0 1 0 0 0 0 0 0 0 0 0 0 0 0 0 0 0 0 0 0 0 0 0 0 
  660.0> 0 0 00000000 1 1 1 = 0 0 0 388 00800000 0 0000040 0 0 1 0 0 0 0 0 0 0 0 0 0 0 0 0 0 0 0 0 0 0 0 0 0 
 666.51> 0 0 00000000 1 1 1 = 0 0 0 388 02800000 0 0000040 0 0 1 0 0 0 0 0 0 0 0 0 0 0 0 0 0 0 0 0 0 0 0 0 0 
666.834> 0 0 00000000 1 1 1 = 0 0 0 388 02000000 0 0000040 0 0 1 0 0 0 0 0 0 0 0 0 0 0 0 0 0 0 0 0 0 0 0 0 0 
  710.0> 1 0 00000000 1 1 1 = 0 0 0 388 02000000 0 0000040 0 0 1 0 0 0 0 0 0 0 0 0 0 0 0 0 0 0 0 0 0 0 0 0 0 
716.295> 1 0 00000000 1 1 1 = 0 0 0 388 02000000 0 0000000 0 0 1 0 0 0 0 0 0 0 0 0 0 0 0 0 0 0 0 0 0 0 0 0 0 
  760.0> 0 0 00000000 1 1 1 = 0 0 0 388 02000000 0 0000000 0 0 1 0 0 0 0 0 0 0 0 0 0 0 0 0 0 0 0 0 0 0 0 0 0 
  810.0> 1 0 00000000 1 1 1 = 0 0 0 388 02000000 0 0000000 0 0 1 0 0 0 0 0 0 0 0 0 0 0 0 0 0 0 0 0 0 0 0 0 0 
 815.96> 1 0 00000000 1 1 1 = 0 0 0 388 02000000 0 0000020 0 0 1 0 0 0 0 0 0 0 0 0 0 0 0 0 0 0 0 0 0 0 0 0 0 
816.271> 1 0 00000000 1 1 1 = 0 0 0 388 02000000 0 0040020 0 0 1 0 0 0 0 0 0 0 0 0 0 0 0 0 0 0 0 0 0 0 0 0 0 
  860.0> 0 0 00000000 1 1 1 = 0 0 0 388 02000000 0 0040020 0 0 1 0 0 0 0 0 0 0 0 0 0 0 0 0 0 0 0 0 0 0 0 0 0 
866.558> 0 0 00000000 1 1 1 = 0 0 0 388 00000000 0 0040020 0 0 1 0 0 0 0 0 0 0 0 0 0 0 0 0 0 0 0 0 0 0 0 0 0 
868.073> 0 0 00000000 1 1 1 = 0 0 0 380 00000000 0 0040020 0 0 1 0 0 0 0 0 0 0 0 0 0 0 0 0 0 0 0 0 0 0 0 0 0 
 868.15> 0 0 00000000 1 1 1 = 0 0 0 390 00000000 0 0040020 0 0 1 0 0 0 0 0 0 0 0 0 0 0 0 0 0 0 0 0 0 0 0 0 0 
  910.0> 1 0 00000000 1 1 1 = 0 0 0 390 00000000 0 0040020 0 0 1 0 0 0 0 0 0 0 0 0 0 0 0 0 0 0 0 0 0 0 0 0 0 
916.002> 1 0 00000000 1 1 1 = 0 0 0 390 00000000 0 0040000 0 0 1 0 0 0 0 0 0 0 0 0 0 0 0 0 0 0 0 0 0 0 0 0 0 
916.035> 1 0 00000000 1 1 1 = 0 0 0 390 00000000 0 1040000 0 0 1 0 0 0 0 0 0 0 0 0 0 0 0 0 0 0 0 0 0 0 0 0 0 
916.301> 1 0 00000000 1 1 1 = 0 0 0 390 00000000 0 1000000 0 0 1 0 0 0 0 0 0 0 0 0 0 0 0 0 0 0 0 0 0 0 0 0 0 
919.024> 1 0 00000000 1 1 1 = 0 0 0 390 40000000 0 1000000 0 0 1 0 0 0 0 0 0 0 0 0 0 0 0 0 0 0 0 0 0 0 0 0 0 
  960.0> 0 0 00000000 1 1 1 = 0 0 0 390 40000000 0 1000000 0 0 1 0 0 0 0 0 0 0 0 0 0 0 0 0 0 0 0 0 0 0 0 0 0 
 1010.0> 1 0 00000000 1 1 1 = 0 0 0 390 40000000 0 1000000 0 0 1 0 0 0 0 0 0 0 0 0 0 0 0 0 0 0 0 0 0 0 0 0 0 
1015.718> 1 0 00000000 1 1 1 = 0 0 0 390 40000000 0 5000000 0 0 1 0 0 0 0 0 0 0 0 0 0 0 0 0 0 0 0 0 0 0 0 0 0 
1016.127> 1 0 00000000 1 1 1 = 0 0 0 390 40000000 0 4000000 0 0 1 0 0 0 0 0 0 0 0 0 0 0 0 0 0 0 0 0 0 0 0 0 0 
1019.037> 1 0 00000000 1 1 1 = 0 0 0 390 40000000 0 4000000 1 0 1 0 0 0 0 0 0 0 0 0 0 0 0 0 0 0 0 0 0 0 0 0 0 
  1060.0> 0 0 00000000 1 1 1 = 0 0 0 390 40000000 0 4000000 1 0 1 0 0 0 0 0 0 0 0 0 0 0 0 0 0 0 0 0 0 0 0 0 0 
  1110.0> 1 0 00000000 1 1 1 = 0 0 0 390 40000000 0 4000000 1 0 1 0 0 0 0 0 0 0 0 0 0 0 0 0 0 0 0 0 0 0 0 0 0 
1115.433> 1 0 00000000 1 1 1 = 0 0 0 390 40000000 0 C000000 1 0 1 0 0 0 0 0 0 0 0 0 0 0 0 0 0 0 0 0 0 0 0 0 0 
1115.778> 1 0 00000000 1 1 1 = 0 0 0 390 40000000 0 8000000 1 0 1 0 0 0 0 0 0 0 0 0 0 0 0 0 0 0 0 0 0 0 0 0 0 
1119.041> 1 0 00000000 1 1 1 = 0 0 1 390 40000000 0 8000000 1 0 1 0 0 0 0 0 0 0 0 0 0 0 0 0 0 0 0 0 0 0 0 0 0 
  1160.0> 0 0 00000000 1 1 1 = 0 0 1 390 40000000 0 8000000 1 0 1 0 0 0 0 0 0 0 0 0 0 0 0 0 0 0 0 0 0 0 0 0 0 
  1210.0> 1 0 00000000 1 1 1 = 0 0 1 390 40000000 0 8000000 1 0 1 0 0 0 0 0 0 0 0 0 0 0 0 0 0 0 0 0 0 0 0 0 0 
1215.436> 1 0 00000000 1 1 1 = 0 0 1 390 40000000 0 0000000 1 0 1 0 0 0 0 0 0 0 0 0 0 0 0 0 0 0 0 0 0 0 0 0 0 
1219.216> 1 0 00000000 1 1 1 = 0 0 0 390 40000000 0 0000000 1 0 1 0 0 0 0 0 0 0 0 0 0 0 0 0 0 0 0 0 0 0 0 0 0 
  1260.0> 0 0 00000000 1 1 1 = 0 0 0 390 40000000 0 0000000 1 0 1 0 0 0 0 0 0 0 0 0 0 0 0 0 0 0 0 0 0 0 0 0 0 
  1310.0> 1 0 00000000 1 1 1 = 0 0 0 390 40000000 0 0000000 1 0 1 0 0 0 0 0 0 0 0 0 0 0 0 0 0 0 0 0 0 0 0 0 0 
  1360.0> 0 0 00000000 1 1 1 = 0 0 0 390 40000000 0 0000000 1 0 1 0 0 0 0 0 0 0 0 0 0 0 0 0 0 0 0 0 0 0 0 0 0 
  1410.0> 1 0 00000000 1 1 1 = 0 0 0 390 40000000 0 0000000 1 0 1 0 0 0 0 0 0 0 0 0 0 0 0 0 0 0 0 0 0 0 0 0 0 
  1460.0> 0 0 00000000 1 1 1 = 0 0 0 390 40000000 0 0000000 1 0 1 0 0 0 0 0 0 0 0 0 0 0 0 0 0 0 0 0 0 0 0 0 0 
  1510.0> 1 0 00000000 1 1 1 = 0 0 0 390 40000000 0 0000000 1 0 1 0 0 0 0 0 0 0 0 0 0 0 0 0 0 0 0 0 0 0 0 0 0 
  1560.0> 0 0 00000000 1 1 1 = 0 0 0 390 40000000 0 0000000 1 0 1 0 0 0 0 0 0 0 0 0 0 0 0 0 0 0 0 0 0 0 0 0 0 
  1610.0> 1 0 00000000 1 1 1 = 0 0 0 390 40000000 0 0000000 1 0 1 0 0 0 0 0 0 0 0 0 0 0 0 0 0 0 0 0 0 0 0 0 0 
  1660.0> 0 0 00000000 1 1 1 = 0 0 0 390 40000000 0 0000000 1 0 1 0 0 0 0 0 0 0 0 0 0 0 0 0 0 0 0 0 0 0 0 0 0 
  1710.0> 1 0 00000000 1 1 1 = 0 0 0 390 40000000 0 0000000 1 0 1 0 0 0 0 0 0 0 0 0 0 0 0 0 0 0 0 0 0 0 0 0 0 
  1760.0> 0 0 00000000 1 1 1 = 0 0 0 390 40000000 0 0000000 1 0 1 0 0 0 0 0 0 0 0 0 0 0 0 0 0 0 0 0 0 0 0 0 0 
  1810.0> 1 0 00000000 1 1 1 = 0 0 0 390 40000000 0 0000000 1 0 1 0 0 0 0 0 0 0 0 0 0 0 0 0 0 0 0 0 0 0 0 0 0 
  1860.0> 0 0 00000000 1 1 1 = 0 0 0 390 40000000 0 0000000 1 0 1 0 0 0 0 0 0 0 0 0 0 0 0 0 0 0 0 0 0 0 0 0 0 
  1910.0> 1 0 00000000 1 1 1 = 0 0 0 390 40000000 0 0000000 1 0 1 0 0 0 0 0 0 0 0 0 0 0 0 0 0 0 0 0 0 0 0 0 0 
  1960.0> 0 0 00000000 1 1 1 = 0 0 0 390 40000000 0 0000000 1 0 1 0 0 0 0 0 0 0 0 0 0 0 0 0 0 0 0 0 0 0 0 0 0 
  2010.0> 1 0 00000000 1 1 1 = 0 0 0 390 40000000 0 0000000 1 0 1 0 0 0 0 0 0 0 0 0 0 0 0 0 0 0 0 0 0 0 0 0 0 
  2060.0> 0 0 00000000 1 1 1 = 0 0 0 390 40000000 0 0000000 1 0 1 0 0 0 0 0 0 0 0 0 0 0 0 0 0 0 0 0 0 0 0 0 0 
  2110.0> 1 0 00000000 1 1 1 = 0 0 0 390 40000000 0 0000000 1 0 1 0 0 0 0 0 0 0 0 0 0 0 0 0 0 0 0 0 0 0 0 0 0 
  2160.0> 0 0 00000000 1 1 1 = 0 0 0 390 40000000 0 0000000 1 0 1 0 0 0 0 0 0 0 0 0 0 0 0 0 0 0 0 0 0 0 0 0 0 
  2210.0> 1 0 00000000 1 1 1 = 0 0 0 390 40000000 0 0000000 1 0 1 0 0 0 0 0 0 0 0 0 0 0 0 0 0 0 0 0 0 0 0 0 0 
  2260.0> 0 0 00000000 1 1 1 = 0 0 0 390 40000000 0 0000000 1 0 1 0 0 0 0 0 0 0 0 0 0 0 0 0 0 0 0 0 0 0 0 0 0 
  2310.0> 1 0 00000000 1 1 1 = 0 0 0 390 40000000 0 0000000 1 0 1 0 0 0 0 0 0 0 0 0 0 0 0 0 0 0 0 0 0 0 0 0 0 
  2360.0> 0 0 00000000 1 1 1 = 0 0 0 390 40000000 0 0000000 1 0 1 0 0 0 0 0 0 0 0 0 0 0 0 0 0 0 0 0 0 0 0 0 0 
  2410.0> 1 0 00000000 1 1 1 = 0 0 0 390 40000000 0 0000000 1 0 1 0 0 0 0 0 0 0 0 0 0 0 0 0 0 0 0 0 0 0 0 0 0 
  2460.0> 0 0 00000000 1 1 1 = 0 0 0 390 40000000 0 0000000 1 0 1 0 0 0 0 0 0 0 0 0 0 0 0 0 0 0 0 0 0 0 0 0 0 
  2510.0> 1 0 00000000 1 1 1 = 0 0 0 390 40000000 0 0000000 1 0 1 0 0 0 0 0 0 0 0 0 0 0 0 0 0 0 0 0 0 0 0 0 0 
  2560.0> 0 0 00000000 1 1 1 = 0 0 0 390 40000000 0 0000000 1 0 1 0 0 0 0 0 0 0 0 0 0 0 0 0 0 0 0 0 0 0 0 0 0 
  2610.0> 1 0 00000000 1 1 1 = 0 0 0 390 40000000 0 0000000 1 0 1 0 0 0 0 0 0 0 0 0 0 0 0 0 0 0 0 0 0 0 0 0 0 
  2660.0> 0 0 00000000 1 1 1 = 0 0 0 390 40000000 0 0000000 1 0 1 0 0 0 0 0 0 0 0 0 0 0 0 0 0 0 0 0 0 0 0 0 0 
  2710.0> 1 0 00000000 1 1 1 = 0 0 0 390 40000000 0 0000000 1 0 1 0 0 0 0 0 0 0 0 0 0 0 0 0 0 0 0 0 0 0 0 0 0 
  2760.0> 0 0 00000000 1 1 1 = 0 0 0 390 40000000 0 0000000 1 0 1 0 0 0 0 0 0 0 0 0 0 0 0 0 0 0 0 0 0 0 0 0 0 
  2810.0> 1 0 00000000 1 1 1 = 0 0 0 390 40000000 0 0000000 1 0 1 0 0 0 0 0 0 0 0 0 0 0 0 0 0 0 0 0 0 0 0 0 0 
  2860.0> 0 0 00000000 1 1 1 = 0 0 0 390 40000000 0 0000000 1 0 1 0 0 0 0 0 0 0 0 0 0 0 0 0 0 0 0 0 0 0 0 0 0 
  2910.0> 1 0 00000000 1 1 1 = 0 0 0 390 40000000 0 0000000 1 0 1 0 0 0 0 0 0 0 0 0 0 0 0 0 0 0 0 0 0 0 0 0 0 
  2960.0> 0 0 00000000 1 1 1 = 0 0 0 390 40000000 0 0000000 1 0 1 0 0 0 0 0 0 0 0 0 0 0 0 0 0 0 0 0 0 0 0 0 0 
  3000.0> X X X X X X = X X X X X X X X X X X X X X X X X X X X X X X X X X X X X X X X 
;
