%
Copyright (C) 1991-2010 Altera Corporation
Your use of Altera Corporation's design tools, logic functions 
and other software and tools, and its AMPP partner logic 
functions, and any output files from any of the foregoing 
(including device programming or simulation files), and any 
associated documentation or information are expressly subject 
to the terms and conditions of the Altera Program License 
Subscription Agreement, Altera MegaCore Function License 
Agreement, or other applicable license agreement, including, 
without limitation, that your use is for the sole purpose of 
programming logic devices manufactured by Altera and sold by 
Altera or its authorized distributors.  Please refer to the 
applicable agreement for further details.
%

GROUP CREATE X = X[31] X[30] X[29] X[28] X[27] X[26] X[25] X[24] X[23] X[22] X[21] X[20] X[19] X[18] X[17] X[16] X[15] X[14] X[13] X[12] X[11] X[10] X[9] X[8] X[7] X[6] X[5] X[4] X[3] X[2] X[1] X[0] ;
GROUP CREATE MM = MM[1] MM[0] ;
GROUP CREATE P = P[10] P[9] P[8] P[7] P[6] P[5] P[4] P[3] P[2] P[1] P[0] ;
GROUP CREATE Result = Result[31] Result[30] Result[29] Result[28] Result[27] Result[26] Result[25] Result[24] Result[23] Result[22] Result[21] Result[20] Result[19] Result[18] Result[17] Result[16] Result[15] Result[14] Result[13] Result[12] Result[11] Result[10] Result[9] Result[8] Result[7] Result[6] Result[5] Result[4] Result[3] Result[2] Result[1] Result[0] ;
GROUP CREATE Y = Y[27] Y[26] Y[25] Y[24] Y[23] Y[22] Y[21] Y[20] Y[19] Y[18] Y[17] Y[16] Y[15] Y[14] Y[13] Y[12] Y[11] Y[10] Y[9] Y[8] Y[7] Y[6] Y[5] Y[4] Y[3] Y[2] Y[1] Y[0] ;
INPUTS clk Reset X XX Z MM;
OUTPUTS CF PRS RDY P Result SF Y ZF pin_name;
UNIT ns;
RADIX HEX;
PATTERN
   0.0> 1 0 00000000 1 1 3 = 0 0 0 791 X0000000 0 0000000 0 0 
  50.0> 0 0 00000000 1 1 3 = 0 0 0 791 X0000000 0 0000000 0 0 
 100.0> 1 0 40C00000 1 1 3 = 0 0 0 791 X0000000 0 0000000 0 0 
105.332> 1 0 40C00000 1 1 3 = 0 0 0 791 X0000000 0 0000001 0 0 
105.724> 1 0 40C00000 1 1 3 = 0 0 0 791 X0000000 0 0040001 0 0 
106.007> 1 0 40C00000 1 1 3 = 0 0 0 791 X0000000 0 0040021 0 0 
106.411> 1 0 40C00000 1 1 3 = 0 0 0 791 00000000 0 0040021 0 0 
106.696> 1 0 40C00000 1 1 3 = 0 0 0 791 00000000 0 0440021 0 0 
  150.0> 0 0 40C00000 1 1 3 = 0 0 0 791 00000000 0 0440021 0 0 
  200.0> 1 0 00000000 1 1 3 = 0 0 0 791 00000000 0 0440021 0 0 
205.341> 1 0 00000000 1 1 3 = 0 0 0 791 00000000 0 0440020 0 0 
205.782> 1 0 00000000 1 1 3 = 0 0 0 791 00000000 0 0400020 0 0 
206.086> 1 0 00000000 1 1 3 = 0 0 0 791 00000000 0 0400000 0 0 
206.794> 1 0 00000000 1 1 3 = 0 0 0 791 00000000 0 0000000 0 0 
  250.0> 0 0 00000000 1 1 3 = 0 0 0 791 00000000 0 0000000 0 0 
  300.0> 1 0 41C00000 1 1 3 = 0 0 0 791 00000000 0 0000000 0 0 
  350.0> 0 0 41C00000 1 1 3 = 0 0 0 791 00000000 0 0000000 0 0 
  400.0> 1 0 00000000 1 1 3 = 0 0 0 791 00000000 0 0000000 0 0 
405.724> 1 0 00000000 1 1 3 = 0 0 0 791 00000000 0 0040000 0 0 
406.007> 1 0 00000000 1 1 3 = 0 0 0 791 00000000 0 0040020 0 0 
406.107> 1 0 00000000 1 1 3 = 0 0 0 791 00000000 0 0042020 0 0 
  450.0> 0 0 00000000 1 1 3 = 0 0 0 791 00000000 0 0042020 0 0 
  500.0> 1 0 00000000 1 1 3 = 0 0 0 791 00000000 0 0042020 0 0 
505.263> 1 0 00000000 1 1 3 = 0 0 0 791 00000000 0 0062020 0 0 
505.782> 1 0 00000000 1 1 3 = 0 0 0 791 00000000 0 0022020 0 0 
506.084> 1 0 00000000 1 1 3 = 0 0 0 791 00000000 0 0023020 0 0 
506.086> 1 0 00000000 1 1 3 = 0 0 0 791 00000000 0 0023000 0 0 
506.163> 1 0 00000000 1 1 3 = 0 0 0 791 00000000 0 0021000 0 0 
  550.0> 0 0 00000000 1 1 3 = 0 0 0 791 00000000 0 0021000 0 0 
  600.0> 1 0 00000000 1 1 3 = 0 0 0 791 00000000 0 0021000 0 0 
605.218> 1 0 00000000 1 1 3 = 0 0 0 791 00000000 0 0029000 0 0 
 605.22> 1 0 00000000 1 1 3 = 0 0 0 791 00000000 0 00A9000 0 0 
605.293> 1 0 00000000 1 1 3 = 0 0 0 791 00000000 0 0089000 0 0 
606.118> 1 0 00000000 1 1 3 = 0 0 0 791 00000000 0 0088000 0 0 
  650.0> 0 0 00000000 1 1 3 = 0 0 0 791 00000000 0 0088000 0 0 
  700.0> 1 0 00000000 1 1 3 = 0 0 0 791 00000000 0 0088000 0 0 
705.281> 1 0 00000000 1 1 3 = 0 0 0 791 00000000 0 0080000 0 0 
705.283> 1 0 00000000 1 1 3 = 0 0 0 791 00000000 0 0000000 0 0 
705.417> 1 0 00000000 1 1 3 = 0 0 0 791 00000000 0 1000000 0 0 
706.393> 1 0 00000000 1 1 3 = 0 0 0 791 40000000 0 1000000 0 0 
  750.0> 0 0 00000000 1 1 3 = 0 0 0 791 40000000 0 1000000 0 0 
  800.0> 1 0 00000000 1 1 3 = 0 0 0 791 40000000 0 1000000 0 0 
 805.46> 1 0 00000000 1 1 3 = 0 0 0 791 40000000 0 0000000 0 0 
 806.23> 1 0 00000000 1 1 3 = 0 0 0 791 40000000 0 4000000 0 0 
808.665> 1 0 00000000 1 1 3 = 0 0 0 791 40000000 0 4000000 1 0 
  850.0> 0 0 00000000 1 1 3 = 0 0 0 791 40000000 0 4000000 1 0 
  900.0> 1 0 00000000 1 1 3 = 0 0 0 791 40000000 0 4000000 1 0 
905.525> 1 0 00000000 1 1 3 = 0 0 1 791 40000000 0 4000000 1 0 
 905.78> 1 0 00000000 1 1 3 = 0 0 1 791 40000000 0 C000000 1 0 
906.265> 1 0 00000000 1 1 3 = 0 0 1 791 40000000 0 8000000 1 0 
  950.0> 0 0 00000000 1 1 3 = 0 0 1 791 40000000 0 8000000 1 0 
 1000.0> 1 0 00000000 1 1 3 = 0 0 1 791 40000000 0 8000000 1 0 
1005.616> 1 0 00000000 1 1 3 = 0 0 0 791 40000000 0 8000000 1 0 
1005.873> 1 0 00000000 1 1 3 = 0 0 0 791 40000000 0 0000000 1 0 
  1050.0> 0 0 00000000 1 1 3 = 0 0 0 791 40000000 0 0000000 1 0 
  1100.0> 1 0 00000000 1 1 3 = 0 0 0 791 40000000 0 0000000 1 0 
  1150.0> 0 0 00000000 1 1 3 = 0 0 0 791 40000000 0 0000000 1 0 
  1200.0> 1 0 00000000 1 1 3 = 0 0 0 791 40000000 0 0000000 1 0 
  1250.0> 0 0 00000000 1 1 3 = 0 0 0 791 40000000 0 0000000 1 0 
  1300.0> 1 0 00000000 1 1 3 = 0 0 0 791 40000000 0 0000000 1 0 
  1350.0> 0 0 00000000 1 1 3 = 0 0 0 791 40000000 0 0000000 1 0 
  1400.0> 1 0 00000000 1 1 3 = 0 0 0 791 40000000 0 0000000 1 0 
  1450.0> 0 0 00000000 1 1 3 = 0 0 0 791 40000000 0 0000000 1 0 
  1500.0> 1 0 00000000 1 1 3 = 0 0 0 791 40000000 0 0000000 1 0 
  1550.0> 0 0 00000000 1 1 3 = 0 0 0 791 40000000 0 0000000 1 0 
  1600.0> 1 0 00000000 1 1 3 = 0 0 0 791 40000000 0 0000000 1 0 
  1650.0> 0 0 00000000 1 1 3 = 0 0 0 791 40000000 0 0000000 1 0 
  1700.0> 1 0 00000000 1 1 3 = 0 0 0 791 40000000 0 0000000 1 0 
  1750.0> 0 0 00000000 1 1 3 = 0 0 0 791 40000000 0 0000000 1 0 
  1800.0> 1 0 00000000 1 1 3 = 0 0 0 791 40000000 0 0000000 1 0 
  1850.0> 0 0 00000000 1 1 3 = 0 0 0 791 40000000 0 0000000 1 0 
  1900.0> 1 0 00000000 1 1 3 = 0 0 0 791 40000000 0 0000000 1 0 
  1950.0> 0 0 00000000 1 1 3 = 0 0 0 791 40000000 0 0000000 1 0 
  2000.0> 1 0 00000000 1 1 3 = 0 0 0 791 40000000 0 0000000 1 0 
  2050.0> 0 0 00000000 1 1 3 = 0 0 0 791 40000000 0 0000000 1 0 
  2100.0> 1 0 00000000 1 1 3 = 0 0 0 791 40000000 0 0000000 1 0 
  2150.0> 0 0 00000000 1 1 3 = 0 0 0 791 40000000 0 0000000 1 0 
  2200.0> 1 0 00000000 1 1 3 = 0 0 0 791 40000000 0 0000000 1 0 
  2250.0> 0 0 00000000 1 1 3 = 0 0 0 791 40000000 0 0000000 1 0 
  2300.0> 1 0 00000000 1 1 3 = 0 0 0 791 40000000 0 0000000 1 0 
  2350.0> 0 0 00000000 1 1 3 = 0 0 0 791 40000000 0 0000000 1 0 
  2400.0> 1 0 00000000 1 1 3 = 0 0 0 791 40000000 0 0000000 1 0 
  2450.0> 0 0 00000000 1 1 3 = 0 0 0 791 40000000 0 0000000 1 0 
  2500.0> 1 0 00000000 1 1 3 = 0 0 0 791 40000000 0 0000000 1 0 
  2550.0> 0 0 00000000 1 1 3 = 0 0 0 791 40000000 0 0000000 1 0 
  2600.0> 1 0 00000000 1 1 3 = 0 0 0 791 40000000 0 0000000 1 0 
  2650.0> 0 0 00000000 1 1 3 = 0 0 0 791 40000000 0 0000000 1 0 
  2700.0> 1 0 00000000 1 1 3 = 0 0 0 791 40000000 0 0000000 1 0 
  2750.0> 0 0 00000000 1 1 3 = 0 0 0 791 40000000 0 0000000 1 0 
  2800.0> 1 0 00000000 1 1 3 = 0 0 0 791 40000000 0 0000000 1 0 
  2850.0> 0 0 00000000 1 1 3 = 0 0 0 791 40000000 0 0000000 1 0 
  2900.0> 1 0 00000000 1 1 3 = 0 0 0 791 40000000 0 0000000 1 0 
  2950.0> 0 0 00000000 1 1 3 = 0 0 0 791 40000000 0 0000000 1 0 
  3000.0> X X X X X X = X X X X X X X X X 
;
