===============================================================
(5 + 1)

СТ1
0.10011



CT2
0.10001
0.10010
0.10011

CT3
0.00000


RG1
0.1010000000



RG2
0.1000000000
0.0100000000
0.0010000000

RG3
0.1100000000



			1.01101
			0.10001
			1.11110

=============================================================
(0.15625 + 1)

СТ1
1.11101
1.11110
1.11111
0.00000
0.00001

CT2
0.10001


CT3
0.10100
0.10011
0.10010
0.10001
0.10000


RG1
0.1010000000
0.0101000000
0.0010100000
0.0001010000
0.0000101000


RG2
0.1000000000


RG3
0.1000101000



			1.11111
			0.10001
			0.10000

=================================		
(0.15625 + 1)

СТ1
0.00011
0.00010
0.00001
0.00000
1.11111

CT2
0.10001


CT3
0.10100
0.10011
0.10010
0.10001
0.10000


RG1
0.1010000000
0.0101000000
0.0010100000
0.0001010000
0.0000101000


RG2
0.1000000000


RG3
0.1000101000



			0.00011
			0.10001
			0.10100
=========================================
(-5 + 1)

СТ1
0.10011


CT2
0.10001
0.10010
0.10011


CT3
0.00000

1.11110
1.11111
0000000


RG1
1.1010000000



RG2
0.1000000000
0.0100000000
0.0010000000	1.1110000000
			1.1010000000
			1.1000000000
	
RG3
1.1000000000



			1.01101
			0.10011
			0.00000
==========================================
(7 + 1)

СТ1
0.10011

CT2
0.10001
0.10010
0.10011

CT3
0.00000
1.11110
1.11111
0.00000


RG1
0.1110000000



RG2
0.1000000000
0.0100000000
0.0010000000
0.1110000000
1.0000000000


RG3
1.0000000000



			1.01101
			0.10011
			0.00000
===========================================
(не моя схема 5 + 1)
CT1
10011

CT2
0.10001
1.11110
1.11111
0.00000

RG1
0.1010000000


RG3
0.1000000000
0.0100000000
0.0010000000

0.1100000000

1.01101
0.10001				1.01101
1.11110				0.10001
					1.11110

=================================================
(не моя схема 0.15625 + 1) 
CT1
00011
					
00010
00001
00000
11111			0.11111
			1.00001
CT2
0.10001

0.10100

0.10011
0.10010
0.10001
0.10000


RG1
0.1010000000

0.0000101000

RG3
0.1000000000
				1.00011
				0.10001
				1.10100

				1.00001
				0.10000
				1.10001
====================================================
(не моя схема -5 + 1) 
CT1
10011


CT2
0.10001

1.11110
1.11111
0.00000

0.10011

RG1
1.1010000000

RG3
0.1000000000	1.1010000000
0.0010000000	1.1110000000
			1.1000000000
1.1000000000


				1.01101	0.10011
				0.10001	0.00000
				1.11110	0.10011
