' ------------------------------------------------------  
' GLCD Picture name: mikro_logo.bmp            
' GLCD Model: KS0108 128x64            
' ------------------------------------------------------  

const mikro_logo_bmp as byte[1024] = (
   0,  0,  0,  0,  0,  0,  0,  0,  0,  0,  0,  0,  0,  0,  0,  0, 
   0,  0,  0,  0,  0,  0,  0,  0,  0,  0,  0,  0,  0,  0,  0,  0, 
   0,  0,  0,  0,  0,  0,  0,  0,  0,  0,  0,  0,  0,  0,  0,  0, 
   0,  0,  0,  0,  0,  0,  0,  0,  0,  0,  0,  0,  0,  0,  0,  0, 
   0,  0,  0,  0,  0,192,224,112,176,176,176,176,176,176,176,176, 
 176,176,176,176,176,176,176,176,176,176,176,176,176,176,176,176, 
 176,176,176,176,176,176,176,176,176,176,176,176,176,176,176,176, 
 176,176,176,176,176,176,176,176,176, 96,224,128,  0,  0,  0,  0, 
   0,  0,  0,  0,  0,  0,  0,  0,  0,  0,  0,  0,  0,  0,  0,  0, 
   0,  0,  0,  0,  0,  0,  0,  0,  0,  0,  0,  0,  0,  0,  0,  0, 
   0,  0,  0,  0,  0,  0,  0,  0,  0,  0,  0,  0,  0,  0,  0,  0, 
   0,  0,  0,  0,  0,  0,  0,  0,  0,  0,  0,  0,  0,  0,  0,  0, 
   0,  0,  0,  0,  0,255,255,  0,255,255,255,  3, 35, 49, 49, 49, 
  49, 49, 49, 49, 51,  3,199,255,127, 31, 31, 15,  7,  7,  3,  3, 
   3,  1,  1,  1,  1,  1,  1,  1,  1,  1,  3,  3,  3,  7,  7, 15, 
  15, 31,127,255,255,255,255,255,255,  0,255,255,  0,  0,  0,  0, 
   0,  0,  0,  0,  0,  0,  0,  0,  0,  0,  0,  0,  0,  0,  0,  0, 
   0,  0,  0,  0,  0,  0,  0,  0,  0,  0,  0,  0,  0,  0,  0,  0, 
   0,  0,  0,  0,  0,  0,  0,  0,  0,  0,  0,  0,  0,  0,  0,  0, 
   0,  0,  0,  0,  0,  0,  0,  0,  0,  0,  0,  0,  0,  0,  0,  0, 
   0,  0,  0,  0,  0,255,255,  0,255,255,255,  7,  6,  6, 14, 30, 
  30, 30, 30, 30,254,255,255,  1,  0,  0,  0,  0,  0,  0,  0,  0, 
   0,  0,  0,252,255,255,255,254,  0,  0,  0,  0,  0,  0,  0,  0, 
   0,  0,  0,  0,  7,255,255,255,255,  0,255,255,  0,  0,  0,  0, 
   0,  0,  0,  0,  0,  0,  0,  0,  0,  0,  0,  0,  0,  0,  0,  0, 
   0,  0,  0,  0,  0,  0,  0,  0,  0,  0,  0,  0,  0,  0,  0,  0, 
   0,  0,  0,  0,  0,  0,  0,  0,  0,  0,  0,  0,  0,  0,  0,  0, 
   0,  0,  0,  0,  0,  0,  0,  0,  0,  0,  0,  0,  0,  0,  0,  0, 
   0,  0,  0,  0,  0,255,255,  0,255,255,255, 17, 51,  3,  3, 15, 
   7,  3,  3, 17,255,255,255,  0,  0,  0,  0,  0,  0,  0,  0,  0, 
   0,  0,  0,  0,129,129,129,129,128,128,128,128,128,128,128,128, 
 128,128,128,128,128,255,255,255,255,  0,255,255,  0,  0,  0,  0, 
   0,  0,  0,  0,  0,  0,  0,  0,  0,  0,  0,  0,  0,  0,  0,  0, 
   0,  0,  0,  0,  0,  0,  0,  0,  0,  0,  0,  0,  0,  0,  0,  0, 
   0,  0,  0,  0,  0,  0,  0,  0,  0,  0,  0,  0,  0,  0,  0,  0, 
   0,  0,  0,  0,  0,  0,  0,  0,  0,  0,  0,  0,  0,  0,  0,  0, 
   0,  0,  0,  0,  0,255,255,  0,255,255,255, 98,127,111, 99, 99, 
  99, 99, 99, 99,255,255,255,  0,  0,  0,  0,  0,  0,  0,  0,  0, 
   0,  0,  0,255,255,255,255,255,255,  3,  3,  3,  3,  3,  3,  3, 
   3,  3,  3,  3,  3,255,255,255,255,  0,255,255,  0,  0,  0,  0, 
   0,  0,  0,  0,  0,  0,  0,  0,  0,  0,  0,  0,  0,  0,  0,  0, 
   0,  0,  0,  0,  0,  0,  0,  0,  0,  0,  0,  0,  0,  0,  0,  0, 
   0,  0,  0,  0,  0,  0,  0,  0,  0,  0,  0,  0,  0,  0,  0,  0, 
   0,  0,  0,  0,  0,  0,  0,  0,  0,  0,  0,  0,  0,  0,  0,  0, 
   0,  0,  0,  0,  0,255,255,  0,255,255,255,  8,140,140,140,140, 
 140,140,140,140,141,159,255,240,192,  0,  0,  0,  0,  0,  0,  0, 
   0,  0,  0,  7, 31, 63, 31, 31,  7,  0,  0,  0,  0,  0,  0,  0, 
   0,  0,128,192,248,255,255,255,255,  0,255,255,  0,  0,  0,  0, 
   0,  0,  0,  0,  0,  0,  0,  0,  0,  0,  0,  0,  0,  0,  0,  0, 
   0,  0,  0,  0,  0,  0,  0,  0,  0,  0,  0,  0,  0,  0,  0,  0, 
   0,  0,  0,  0,  0,  0,  0,  0,  0,  0,  0,  0,  0,  0,  0,  0, 
   0,  0,  0,  0,  0,  0,  0,  0,  0,  0,  0,  0,  0,  0,  0,  0, 
   0,  0,  0,  0,  0,127,255,128,127,127,127,112,113,113,113,113, 
 113,113,113,113,113,113,113,113,115,119,126,124,124,120,120,112, 
 112,112,112,112,112,112,112,112,112,112,112,112,112,120,120,124, 
 126,127,127,127,127,127,127,127, 63,192,255,127,  0,  0,  0,  0, 
   0,  0,  0,  0,  0,  0,  0,  0,  0,  0,  0,  0,  0,  0,  0,  0, 
   0,  0,  0,  0,  0,  0,  0,  0,  0,  0,  0,  0,  0,  0,  0,  0, 
   0,  0,  0,  0,  0,  0,  0,  0,  0,  0,  0,  0,  0,  0,  0,  0, 
   0,  0,  0,  0,  0,  0,  0,  0,  0,  0,  0,  0,  0,  0,  0,  0, 
   0,  0,  0,  0,  0,  0,  1,  1,  3,  3,  3,  3,  3,  3,  3,  3, 
   3,  3,  3,  3,  3,  3,  3,  3,  3,  3,  3,  3,  3,  3,  3,  3, 
   3,  3,  3,  3,  3,  3,  3,  3,  3,  3,  3,  3,  3,  3,  3,  3, 
   3,  3,  3,  3,  3,  3,  3,  3,  3,  1,  0,  0,  0,  0,  0,  0 
)
