4.775510 -0.693878 -6.047777
-4.877551 -4.571429 228.874871
-1.285714 -3.551020 -1.902294
4.551020 -4.571429 -185.916955
1.632653 -0.285714 -5.403083
-1.959184 4.000000 -22.560396
3.653061 -2.530612 141.794843
-2.857143 3.183673 -47.923203
-1.061224 -0.081633 2.114537
3.877551 4.000000 174.901614
-3.755102 -1.510204 -113.709744
2.306122 -5.387755 -36.768053
3.877551 1.142857 -167.873403
-3.306122 -1.918367 -101.277432
-4.204082 3.183673 -152.673404
4.551020 2.979592 147.898691
4.551020 2.571429 40.082805
-3.530612 3.387755 -108.047738
0.734694 -2.734694 1.070488
1.408163 -3.551020 2.499213
-5.775510 -4.367347 283.839250
-1.734694 -2.326531 -15.645220
2.530612 -3.755102 4.799509
1.857143 0.734694 -19.068882
0.285714 -3.959184 -0.007348
-2.183673 2.775510 -10.603015
1.857143 0.122449 -14.242474
2.081633 -4.367347 -13.289654
4.551020 -6.000000 -237.272053
-0.163265 -6.000000 0.010955
-4.653061 1.551020 232.590177
2.979592 -2.122449 78.335209
-3.530612 -3.755102 -13.033770
1.183673 -4.163265 -1.514356
0.061224 -1.306122 0.000385
1.183673 2.367347 -0.307558
3.653061 -3.346939 71.017548
-4.428571 -4.367347 127.965337
0.061224 3.387755 0.000563
3.877551 -3.142857 114.155858
-3.755102 -4.979592 143.366732
-2.183673 -0.693878 0.578229
2.755102 1.346939 -55.399566
2.755102 -6.000000 -52.642112
-0.836735 2.775510 -0.596526
-2.632653 -0.897959 -10.099850
0.734694 1.142857 -1.141901
-0.836735 2.163265 0.461886
4.326531 -1.714286 204.695153
-3.306122 -5.795918 101.030862
1.857143 2.979592 10.050182
0.734694 -4.979592 -1.073748
2.979592 -2.530612 76.941369
-2.632653 3.795918 -53.603683
-4.204082 0.938776 222.193116
-0.387755 2.163265 0.045967
-0.836735 2.571429 -0.249112
-3.081633 -4.367347 43.116548
2.979592 -4.163265 -24.154749
2.530612 -4.979592 -43.879328
0.061224 0.734694 -0.000683
-3.755102 4.000000 -158.849731
-4.653061 1.755102 188.650661
3.653061 -2.326531 146.111366
4.775510 -1.510204 233.879300
-1.959184 -1.306122 -12.621626
2.081633 3.795918 26.498788
5.000000 -0.489796 -82.784793
-5.326531 0.734694 449.906825
-1.734694 -0.081633 9.235533
3.428571 -0.489796 -26.691941
4.102041 0.734694 -205.489309
0.061224 1.959184 -0.000312
-4.653061 -3.346939 -146.761156
2.755102 -3.755102 6.193456
-2.408163 -3.346939 -20.344762
0.285714 -0.897959 0.012910
2.530612 -0.285714 -20.120406
-1.510204 -4.367347 5.074676
-5.775510 4.000000 -577.952732
4.775510 -1.102041 124.111332
-0.387755 -1.306122 -0.097850
3.877551 2.979592 91.476711
3.877551 -0.489796 -38.611184
-0.612245 2.979592 -0.360092
-0.612245 -6.000000 0.577691
-0.836735 -6.000000 1.474632
-2.857143 4.000000 -69.970845
-3.530612 -5.591837 130.191503
-3.979592 -5.183673 183.607134
0.959184 -2.326531 2.644956
1.183673 -4.367347 -2.443414
-1.285714 -2.938776 -5.054254
4.775510 -0.285714 -135.213252
-5.326531 -1.714286 -381.963178
2.755102 -3.551020 18.717906
4.775510 0.734694 -324.226592
2.530612 0.734694 -48.246533
-1.061224 2.367347 0.221643
2.979592 -3.755102 7.834122
-2.183673 -1.714286 -26.317905
4.551020 -2.530612 274.167475
0.061224 -5.591837 -0.000679
5.000000 -2.734694 337.421213
-2.183673 1.959184 14.147856
-4.877551 3.591837 -319.520774
5.000000 0.938776 -373.789581
-6.000000 -6.000000 543.718351
-5.551020 3.591837 -470.990458
-0.836735 -1.714286 -1.480647
2.306122 3.387755 30.110135
1.408163 1.551020 -6.446650
-4.428571 3.183673 -178.460017
4.551020 -2.734694 254.441952
3.428571 0.734694 -119.985538
-6.000000 -3.551020 -193.329422
0.734694 2.163265 -0.312673
-2.857143 2.775510 -23.749919
-0.836735 0.734694 1.744025
-1.959184 -0.693878 0.417601
4.102041 4.000000 207.071909
-3.081633 -6.000000 73.665280
1.408163 -4.979592 -7.560355
0.061224 3.795918 0.000674
3.877551 -1.306122 97.850357
4.102041 1.346939 -182.849269
-5.775510 0.734694 573.535581
-5.775510 -0.285714 239.183377
0.959184 3.183673 1.813240
2.081633 -5.183673 -26.277632
4.775510 -4.571429 -214.808757
2.081633 -2.122449 26.711542
2.306122 -2.530612 35.672757
-0.612245 -0.897959 -0.127031
-5.551020 -4.775510 408.733355
-4.653061 2.979592 -158.071757
-6.000000 2.163265 170.303967
2.081633 -4.163265 -8.236534
0.959184 -1.918367 2.473211
-1.285714 -3.959184 0.669541
-5.326531 0.530612 429.231836
2.306122 3.183673 25.199798
4.551020 1.959184 -128.071906
-0.163265 3.795918 -0.012785
-1.734694 -1.306122 -8.761095
-4.653061 -3.755102 -29.835705
4.102041 3.183673 141.824056
-0.836735 -4.163265 0.534928
0.061224 -0.489796 -0.000152
-2.408163 -3.959184 4.399485
0.061224 -4.775510 -0.000548
4.775510 -3.755102 32.253684
0.510204 -4.571429 -0.261954
-5.551020 -1.510204 -367.325370
4.326531 -0.693878 -4.497340
-3.306122 2.367347 6.701747
1.183673 0.734694 -4.937249
-1.959184 3.387755 -18.462524
-4.653061 -2.122449 -298.334156
-1.959184 3.591837 -20.707091
-3.306122 -2.734694 -97.548180
5.000000 -4.571429 -246.548669
-5.326531 2.979592 -237.121680
3.428571 -2.122449 119.351060
-0.387755 -4.571429 0.114991
-2.632653 0.326531 47.177754
1.408163 0.530612 -7.930812
2.979592 -6.000000 -66.587171
-0.836735 -1.510204 -1.258044
-0.836735 -2.122449 -1.734802
-1.285714 -0.693878 0.118024
2.979592 3.183673 54.352596
3.204082 -2.326531 98.587956
1.632653 -0.081633 -7.699724
-6.000000 -2.530612 -628.265678
0.734694 -3.755102 0.117446
5.000000 0.734694 -372.133966
3.877551 3.591837 160.533694
2.306122 0.734694 -36.512064
-1.510204 -3.346939 -5.017666
3.877551 -3.755102 17.266033
2.530612 -5.591837 -47.941254
-0.387755 2.571429 -0.024792
1.857143 -4.367347 -9.437073
-4.877551 0.122449 258.020936
0.285714 1.346939 -0.061786
-1.734694 0.938776 15.609382
-1.959184 -3.346939 -10.955199
-4.877551 -0.897959 -64.230235
-1.061224 -2.122449 -3.539227
-3.979592 -0.897959 -34.885877
-0.836735 -3.551020 -0.524333
-3.755102 0.938776 158.336999
-2.183673 -4.775510 24.881967
1.632653 0.326531 -11.252217
2.530612 -2.938776 38.539005
-0.612245 -0.489796 0.151990
-1.734694 -1.714286 -13.193401
-1.734694 4.000000 -15.659929
-0.163265 -0.897959 -0.002409
3.877551 -1.510204 125.200198
4.326531 4.000000 242.963255
2.530612 2.775510 16.502247
-0.387755 -3.346939 -0.084931
2.755102 -3.959184 -6.588053
0.285714 -5.795918 -0.065207
0.061224 -1.510204 0.000493
1.857143 -5.591837 -18.948224
1.632653 -5.387755 -13.046838
5.000000 3.387755 306.884972
-5.551020 0.122449 380.336457
-2.408163 4.000000 -41.896625
-4.877551 1.755102 217.293879
4.326531 1.755102 -151.656620
-5.326531 -0.489796 100.086117
2.081633 4.000000 27.060358
-2.408163 1.142857 40.213059
0.959184 -4.979592 -2.389398
1.183673 -1.102041 1.889939
3.428571 -5.387755 -120.826766
-4.204082 -1.306122 -124.710573
-1.510204 -5.795918 9.629510
2.530612 -2.122449 47.991408
3.204082 -0.489796 -21.784684
-6.000000 2.775510 -219.948004
3.204082 -4.979592 -89.062293
2.755102 -3.346939 30.465470
-0.836735 -0.897959 -0.324263
-2.857143 -1.714286 -58.950037
-4.653061 -4.571429 198.705071
-0.387755 2.775510 -0.059366
-1.510204 -3.142857 -6.744233
3.428571 -4.367347 -59.380109
2.081633 -1.918367 25.279481
0.734694 -2.326531 1.188591
-2.632653 3.183673 -37.491331
2.530612 1.755102 -30.347215
-1.061224 -5.183673 3.481735
0.510204 -0.285714 -0.164889
-0.387755 -3.142857 -0.114156
-3.979592 1.346939 166.958637
-5.326531 1.755102 282.992751
1.183673 -0.489796 -1.098339
-1.510204 0.122449 7.658724
-4.877551 -0.081633 205.304695
-4.428571 -0.285714 107.832802
-4.428571 -5.591837 256.935156
3.653061 3.795918 143.213708
0.959184 -2.122449 2.613316
-5.551020 0.326531 442.257126
1.408163 2.163265 -2.201558
-5.775510 -4.571429 379.982605
2.979592 2.367347 -4.905707
-1.285714 -4.163265 1.940732
-1.959184 -0.897959 -4.162550
3.428571 -1.510204 86.550993
-5.102041 0.326531 343.390403
-3.755102 2.571429 -22.516298
3.204082 2.571429 13.987576
4.326531 0.734694 -241.106346
-6.000000 -2.938776 -513.661994
-2.408163 3.591837 -38.454876
1.632653 -2.530612 12.658181
-0.836735 -3.959184 0.184547
0.734694 -2.530612 1.153477
-2.183673 -4.571429 20.537886
4.102041 2.775510 70.285576
-0.612245 -0.081633 0.406040
-4.877551 1.346939 307.396388
-1.061224 2.979592 -1.875253
-5.326531 -1.306122 -253.643148
-4.653061 -1.102041 -114.807010
-1.510204 -2.938776 -8.190881
-0.836735 -4.775510 1.399861
-3.081633 -3.346939 -42.632169
-3.755102 3.387755 -129.996254
-1.061224 2.775510 -1.216993
3.653061 1.755102 -91.287830
2.081633 0.326531 -23.322153
1.408163 -0.489796 -1.849267
-1.959184 -2.734694 -20.299616
-2.183673 -3.959184 3.280251
3.428571 -0.285714 -50.037953
2.530612 -1.714286 40.960479
3.204082 -0.081633 -58.197474
-0.387755 -5.795918 0.162993
-1.734694 2.775510 -5.315386
4.775510 0.530612 -309.327105
3.428571 -5.795918 -112.677411
1.183673 -2.122449 4.911141
-0.387755 0.122449 0.129635
1.857143 2.163265 -5.050181
-2.857143 2.367347 4.325408
1.183673 -3.755102 0.491152
-1.285714 1.551020 4.906914
3.204082 -0.285714 -40.838581
2.530612 -5.387755 -48.584793
0.061224 -2.938776 0.000546
-1.734694 0.122449 11.606948
-4.428571 -2.938776 -206.544980
3.877551 0.122449 -129.634933
0.061224 4.000000 0.000688
2.530612 0.530612 -46.029415
4.326531 1.142857 -233.200069
-5.775510 -6.000000 484.943683
-2.857143 -3.755102 -6.907420
3.653061 -0.285714 -60.524440
-0.836735 -0.285714 0.727316
0.959184 -0.693878 -0.049005
2.755102 3.795918 61.436547
3.877551 1.755102 -109.172836
-1.061224 3.795918 -3.511038
2.979592 2.163265 -20.856496
-1.959184 -4.163265 6.866851
-3.979592 -1.714286 -159.295611
-3.081633 2.367347 5.427175
2.530612 -2.734694 43.746084
4.102041 -2.734694 186.321213
-1.285714 -1.102041 -2.422063
1.408163 -2.734694 7.537397
-5.326531 -0.693878 8.392081
3.428571 0.530612 -114.471731
4.102041 -4.979592 -186.888720
-2.857143 -4.979592 63.150824
-2.857143 0.734694 69.436075
-1.959184 -2.122449 -22.269586
-3.081633 -3.755102 -8.666876
-6.000000 2.367347 40.057607
-4.653061 3.183673 -206.998057
-2.183673 1.755102 19.498676
2.979592 -3.346939 38.535868
-5.775510 1.551020 444.780906
-2.183673 3.183673 -21.395038
-1.285714 -1.306122 -3.567166
0.510204 -1.918367 0.372210
-3.081633 1.755102 54.800514
4.775510 3.795918 319.943335
5.000000 -0.897959 69.190116
1.183673 -2.734694 4.476701
-0.836735 2.979592 -0.919182
-3.306122 0.530612 102.639717
2.306122 -2.326531 36.758708
-1.285714 0.326531 5.495279
4.326531 0.938776 -242.179022
-2.857143 -1.306122 -39.145849
2.755102 0.122449 -46.501028
-2.857143 -4.775510 55.733649
-0.612245 -2.938776 -0.545757
-2.408163 2.367347 2.589936
2.755102 3.387755 51.342696
-0.163265 2.163265 0.003431
-0.163265 -5.183673 0.012678
-2.857143 -5.795918 65.206835
-1.285714 -1.510204 -4.564213
1.408163 -0.693878 -0.155058
0.734694 3.591837 1.091976
-1.285714 1.959184 2.887759
4.326531 0.530612 -230.026561
-5.551020 1.551020 394.905826
-6.000000 -4.571429 426.036100
3.877551 -3.551020 52.181525
0.285714 2.163265 -0.018389
-1.734694 -2.938776 -12.413442
0.061224 -0.081633 -0.000406
0.285714 -1.918367 0.065366
1.632653 -0.489796 -2.882188
5.000000 -1.918367 350.320772
3.877551 0.530612 -165.588895
4.775510 2.367347 -20.197173
3.653061 -0.693878 -2.707118
-3.979592 4.000000 -189.076193
4.326531 -0.897959 44.828416
-4.428571 -2.122449 -257.203952
4.551020 1.755102 -176.509619
-2.632653 1.346939 48.336387
-1.734694 0.734694 15.540244
-1.061224 0.734694 3.558042
-5.551020 -1.714286 -432.321354
-4.877551 1.959184 157.664162
4.551020 -0.489796 -62.426201
-4.204082 -1.714286 -187.802616
2.081633 3.387755 22.145112
0.734694 0.530612 -1.126362
0.510204 -2.938776 0.315832
2.081633 0.734694 -26.853542
-0.387755 3.387755 -0.143132
-0.163265 -1.918367 -0.012197
-5.326531 -2.734694 -407.939399
-2.408163 1.755102 26.151693
-4.877551 -1.102041 -132.238394
3.877551 3.183673 119.790542
-1.959184 2.367347 1.394623
1.857143 -0.897959 3.545439
-2.632653 2.163265 14.386392
5.000000 -4.163265 -114.141141
2.979592 -3.551020 23.676338
-4.204082 -4.367347 109.474962
-4.877551 -1.918367 -325.208088
3.653061 -2.938776 115.929653
-0.612245 2.571429 -0.097590
-4.428571 -5.795918 242.822103
1.183673 0.122449 -3.687612
2.081633 -6.000000 -22.705576
4.775510 -1.714286 275.262816
0.061224 2.979592 0.000360
-3.979592 3.591837 -173.543851
2.306122 3.795918 36.029715
2.979592 2.979592 41.505754
-1.959184 -3.755102 -2.227129
2.306122 -4.979592 -33.207046
-2.183673 -0.081633 18.422837
0.734694 -1.510204 0.851631
2.979592 0.938776 -79.102008
0.510204 -5.183673 -0.386906
3.653061 -2.734694 131.593132
4.326531 1.346939 -214.542156
-1.734694 -2.122449 -15.458068
0.734694 -0.285714 -0.492356
-3.755102 -0.897959 -29.308884
2.530612 1.551020 -37.415528
-4.428571 -5.183673 253.025865
-2.183673 0.122449 23.153283
-4.877551 0.734694 345.457608
-3.306122 -1.510204 -77.604920
0.959184 -5.183673 -2.570865
-2.632653 -1.918367 -51.137179
3.877551 -4.775510 -139.313811
1.857143 -3.755102 1.896950
2.306122 -0.081633 -21.699039
1.632653 -6.000000 -10.954737
0.510204 3.591837 0.365700
1.857143 1.755102 -11.994384
-2.857143 -4.571429 46.003250
3.653061 -1.714286 123.213720
3.204082 3.183673 67.586613
-0.163265 -4.571429 0.008584
-5.551020 -0.285714 212.362779
-1.959184 -4.979592 20.361446
2.755102 2.979592 32.813386
-4.653061 3.591837 -277.402223
-2.408163 -5.183673 40.684758
3.428571 -2.530612 117.227415
2.306122 -1.714286 30.998117
-5.326531 -1.102041 -172.220714
3.653061 -1.510204 104.689543
0.061224 2.367347 -0.000043
1.857143 -2.530612 18.630543
-0.612245 1.755102 0.429752
4.102041 -1.102041 78.659655
-2.183673 2.979592 -16.338082
-3.755102 2.367347 9.819661
0.510204 -5.387755 -0.398158
4.551020 -2.122449 279.134184
1.857143 -3.346939 9.331055
-3.755102 0.734694 157.635681
0.285714 3.591837 0.064223
4.326531 -2.326531 242.735049
-3.979592 -1.102041 -71.823687
-6.000000 -1.102041 -246.153409
-4.653061 1.142857 290.085240
-0.612245 1.551020 0.529847
-4.204082 3.591837 -204.600673
-2.408163 -1.306122 -23.439462
-3.306122 1.551020 83.431850
-2.183673 -1.102041 -11.866297
4.102041 2.571429 29.351594
-0.163265 -0.693878 0.000242
-4.653061 0.938776 301.254456
-5.775510 -1.714286 -486.921871
3.428571 -3.959184 -12.696489
-4.428571 4.000000 -260.562682
4.551020 -4.775510 -225.241265
0.510204 1.551020 -0.306625
2.306122 -2.938776 29.165590
5.000000 -4.367347 -184.166823
5.000000 -5.591837 -369.779290
2.530612 -2.530612 47.137484
-5.775510 3.591837 -530.474733
-1.285714 -3.346939 -3.096194
-0.836735 -4.571429 1.155463
-0.387755 -4.775510 0.139314
-6.000000 2.979592 -338.915734
1.183673 0.938776 -4.959215
-1.959184 -5.183673 21.907833
1.183673 -5.795918 -4.636529
1.408163 1.142857 -8.040228
-2.857143 0.938776 69.744995
-2.857143 1.551020 53.848168
-3.081633 1.959184 39.762174
-2.857143 -3.142857 -45.669000
2.755102 -2.734694 56.451493
-2.408163 -4.367347 20.575915
0.510204 -3.551020 0.118871
0.285714 -1.306122 0.039146
0.285714 2.367347 -0.004325
-5.551020 -4.163265 156.189080
1.408163 3.387755 6.855271
-5.775510 -1.102041 -219.544808
2.755102 -5.591837 -61.865088
-5.102041 2.775510 -135.237789
4.775510 -2.122449 322.512097
-1.734694 2.367347 0.968054
-5.326531 -1.510204 -324.538134
2.979592 0.326531 -68.395369
1.408163 2.367347 -0.517834
4.775510 -3.142857 213.248002
5.000000 -3.755102 37.019454
-4.877551 -0.489796 76.850380
-1.510204 1.346939 9.124314
0.734694 0.326531 -1.025358
-3.081633 1.551020 67.564360
-4.428571 -4.775510 207.545141
3.204082 2.775510 33.494769
0.959184 -5.795918 -2.467190
-5.326531 -4.367347 222.656135
-0.387755 -4.163265 0.053236
3.428571 3.591837 110.977067
-5.775510 3.183673 -395.841237
4.551020 -0.693878 -5.234350
-2.408163 2.571429 -5.938675
-3.755102 0.326531 136.905721
1.183673 -1.714286 4.191640
3.877551 3.795918 171.271972
-5.551020 -2.530612 -497.517150
-2.408163 0.734694 41.576419
-1.734694 3.387755 -12.815458
-5.102041 -3.551020 -118.871020
2.081633 -3.551020 8.073400
-1.959184 0.122449 16.721489
5.000000 -5.387755 -374.743025
2.755102 3.591837 57.584646
-1.510204 -5.183673 10.034157
3.204082 -4.163265 -30.036056
1.183673 3.387755 4.071565
-2.183673 -2.530612 -30.286750
-1.061224 -3.346939 -1.741072
1.857143 0.326531 -16.561219
-1.510204 -2.326531 -10.323336
-1.061224 -2.530612 -3.476253
4.551020 0.326531 -243.715256
3.428571 1.755102 -75.471266
-3.306122 4.000000 -108.412175
-1.959184 -2.326531 -22.539206
2.530612 3.183673 33.298662
5.000000 1.142857 -359.931075
-0.387755 -2.530612 -0.169575
-1.285714 -2.326531 -6.370104
1.632653 -5.183673 -12.678144
-4.428571 3.591837 -239.157827
-5.102041 1.755102 248.698872
0.510204 -4.979592 -0.359596
-4.204082 1.142857 213.955154
3.877551 -5.387755 -174.781760
-1.061224 3.387755 -2.934184
-3.081633 -5.795918 81.816304
1.408163 0.734694 -8.312819
-5.326531 -3.551020 -135.262523
1.183673 2.979592 2.602158
1.183673 1.551020 -3.828872
3.877551 -1.918367 163.391116
-3.755102 -3.755102 -15.681414
1.183673 -4.775510 -3.962939
1.183673 -5.387755 -4.971865
0.285714 -1.714286 0.058950
0.285714 -2.530612 0.067840
1.632653 -2.326531 13.043522
-1.959184 1.142857 21.653833
-5.102041 2.163265 104.713530
4.326531 -6.000000 -203.863550
3.653061 -3.755102 14.437462
-3.530612 -3.142857 -86.173892
-3.530612 -3.551020 -39.390752
-1.959184 -1.102041 -8.569936
-2.183673 -5.795918 29.111216
1.408163 -4.571429 -5.507464
-1.510204 2.979592 -5.404368
-3.530612 -1.510204 -94.511036
-3.081633 0.326531 75.665685
-3.081633 -5.591837 86.571546
-4.653061 3.795918 -295.957968
4.326531 -3.142857 158.578747
0.510204 0.530612 -0.377216
4.551020 -5.591837 -278.842469
-5.102041 -3.959184 41.838472
4.775510 -0.489796 -72.127335
-2.632653 1.142857 52.540019
-1.734694 -2.734694 -14.090646
-1.061224 -5.387755 3.582988
2.306122 -5.183673 -35.729015
-4.877551 2.367347 21.519725
-2.183673 -0.897959 -5.763644
4.326531 3.795918 237.921165
-5.551020 -1.102041 -194.926361
-5.551020 -3.959184 53.884332
-3.755102 -5.387755 158.740876
2.979592 -3.959184 -8.333249
-2.857143 -2.938776 -55.465068
-0.612245 -5.591837 0.678904
-1.285714 2.367347 0.394153
-1.959184 0.938776 22.487576
-2.857143 2.163265 18.389371
-1.061224 2.571429 -0.508222
-3.081633 -2.734694 -78.995976
-4.428571 0.122449 193.125867
-1.061224 -2.734694 -3.226147
2.979592 2.775510 26.936217
2.306122 1.551020 -28.315365
-3.755102 3.795918 -155.553205
1.632653 3.387755 10.684331
3.204082 -3.346939 47.918757
0.510204 0.938776 -0.397145
0.734694 -4.367347 -0.584279
-5.775510 -1.510204 -413.717145
-4.204082 -5.795918 207.735479
-1.510204 4.000000 -10.333042
-1.959184 1.551020 17.362031
0.061224 3.183673 0.000472
4.551020 -1.102041 107.418344
-3.979592 -5.795918 176.202817
3.204082 -2.122449 97.408621
0.061224 0.938776 -0.000686
3.428571 -1.714286 101.865664
-0.387755 3.591837 -0.160534
-4.653061 -4.163265 91.991669
-0.163265 1.755102 0.008149
0.285714 -6.000000 -0.058711
-0.612245 -3.551020 -0.205409
-0.163265 -2.326531 -0.013044
3.877551 -3.346939 84.931225
1.408163 1.755102 -5.228788
1.408163 -5.387755 -8.371101
2.755102 -4.571429 -41.248268
0.734694 3.795918 1.165019
2.081633 -0.897959 4.992825
-3.306122 -2.122449 -107.014710
-0.612245 -3.142857 -0.449367
-4.877551 -4.979592 314.187295
3.877551 0.938776 -174.337070
-2.857143 1.346939 61.785870
3.428571 -3.551020 36.073128
2.755102 -0.285714 -25.964083
-6.000000 2.571429 -91.851341
-3.306122 -3.346939 -52.644333
-0.836735 -1.918367 -1.641796
-5.102041 -2.326531 -398.056695
0.061224 -4.571429 -0.000453
-0.836735 -5.387755 1.756252
-1.061224 3.183673 -2.455680
-2.408163 -3.755102 -4.135974
0.061224 3.591837 0.000632
-3.081633 3.591837 -80.581665
-2.857143 1.142857 67.159151
1.408163 0.326531 -7.219638
3.428571 -3.755102 11.936022
3.428571 -5.591837 -119.226330
2.081633 3.591837 24.837387
3.653061 2.367347 -9.040701
1.857143 3.795918 18.816969
-4.877551 -1.306122 -194.758004
2.755102 -4.367347 -30.811614
-1.959184 1.755102 14.082102
2.530612 -2.326531 48.572445
4.775510 -5.387755 -326.499768
-1.061224 -0.693878 0.066368
4.326531 0.122449 -180.081387
-3.979592 2.163265 49.692015
-3.979592 1.142857 181.478393
3.428571 3.183673 82.811294
-1.734694 -4.979592 14.133564
-0.163265 2.979592 -0.006828
0.285714 2.571429 0.009918
1.632653 -0.897959 2.408883
0.510204 1.346939 -0.351824
-0.612245 1.959184 0.311819
-3.755102 -5.183673 154.254977
1.183673 3.795918 4.872025
2.755102 2.163265 -16.488611
-1.510204 -3.551020 -3.082841
2.306122 -0.693878 -0.681057
0.285714 -0.489796 -0.015447
2.979592 -1.306122 44.397670
-6.000000 0.122449 480.289658
-5.775510 2.367347 35.727475
4.102041 0.530612 -196.046267
-5.326531 -4.163265 137.995676
2.979592 -2.326531 79.283621
2.306122 -5.795918 -34.288173
0.061224 -5.387755 -0.000688
-3.306122 -0.285714 44.865936
4.326531 -1.510204 173.920908
-4.877551 3.183673 -238.426998
0.734694 0.938776 -1.185868
0.061224 -5.183673 -0.000669
5.000000 -2.530612 363.579675
-2.183673 0.326531 26.922753
4.326531 3.387755 198.831391
3.877551 -4.979592 -157.854047
-1.510204 -2.530612 -10.018357
-4.653061 3.387755 -247.332911
-3.530612 1.551020 101.607353
3.653061 -5.795918 -136.291292
-3.530612 2.775510 -44.814272
-1.510204 1.959184 4.679877
-1.734694 -5.591837 15.441913
-3.081633 0.122449 65.071690
-2.408163 -4.571429 27.545486
1.632653 -2.938776 10.349167
2.306122 2.367347 -2.274460
0.510204 0.326531 -0.343390
1.857143 1.142857 -18.443582
-5.551020 -5.183673 498.301770
-3.306122 -4.979592 97.845298
4.775510 2.979592 170.882391
2.306122 -1.918367 34.371855
3.204082 -3.755102 9.741609
3.653061 -4.775510 -116.491024
2.306122 2.979592 19.243545
-2.632653 -3.551020 -16.331463
1.857143 -1.102041 7.299415
-2.183673 2.571429 -4.427870
-3.306122 0.326531 93.435770
-1.510204 0.326531 8.905602
-5.102041 -0.285714 164.889011
-3.979592 -3.755102 -18.665327
-5.551020 -5.795918 478.206777
-0.836735 3.183673 -1.203686
3.653061 0.326531 -126.045464
-1.510204 -0.897959 -1.906518
-1.959184 1.346939 19.921350
-4.204082 -4.979592 201.185454
3.204082 3.591837 90.574168
-3.755102 -3.959184 16.680507
-0.612245 0.122449 0.510299
-2.632653 2.571429 -7.759123
3.877551 -0.693878 -3.237494
0.959184 1.346939 -2.337753
1.408163 -0.897959 1.545586
-2.408163 -0.081633 24.708774
1.857143 -5.387755 -19.202576
5.000000 4.000000 375.000000
-0.836735 -0.081633 1.036470
-5.551020 4.000000 -513.144557
-2.857143 2.571429 -9.918080
-3.530612 -0.489796 29.146783
-1.510204 0.938776 10.299689
-2.183673 -3.346939 -15.169034
-1.285714 -0.489796 1.407583
-5.326531 2.367347 28.026221
-5.551020 1.346939 453.118474
-3.530612 -1.714286 -111.234187
-5.102041 0.530612 377.216282
4.775510 -3.346939 158.655143
4.326531 -3.959184 -25.513108
-5.775510 -2.530612 -560.351644
1.857143 1.551020 -14.788053
-4.877551 -3.142857 -227.211915
-0.163265 3.183673 -0.008942
2.755102 4.000000 62.738527
-2.408163 3.795918 -41.027166
-0.387755 0.326531 0.150740
3.428571 -3.142857 78.916033
5.000000 3.183673 256.838415
-1.510204 -5.591837 10.189186
-4.653061 -5.183673 293.487939
-1.510204 -3.755102 -1.020063
-5.775510 0.326531 498.112492
-0.387755 3.183673 -0.119791
2.755102 3.183673 42.969770
1.408163 0.938776 -8.349803
-4.877551 -0.693878 6.443797
4.775510 -2.734694 293.982651
-1.285714 -4.775510 5.078729
3.877551 -0.897959 32.270568
-0.612245 -3.755102 -0.067967
0.510204 4.000000 0.398431
-5.326531 -4.775510 361.122785
-5.102041 -1.918367 -372.209679
-1.061224 -0.285714 1.483822
-1.285714 -6.000000 5.349998
-5.102041 -4.979592 359.596075
2.530612 -4.775510 -38.725624
-3.306122 -3.551020 -32.344542
-1.734694 3.591837 -14.373488
-2.857143 -1.510204 -50.087380
-2.183673 0.530612 29.574795
-2.408163 -5.591837 41.313344
2.755102 -1.510204 44.910255
-2.408163 -0.489796 9.249076
2.979592 -0.897959 14.642134
-1.959184 2.979592 -11.799496
-6.000000 -2.326531 -647.391359
3.428571 0.326531 -104.206779
-1.959184 -6.000000 18.929786
-3.306122 -5.183673 105.276336
-6.000000 -4.163265 197.235891
0.285714 -0.081633 -0.041266
-0.387755 -0.285714 0.072382
-1.061224 -5.591837 3.535529
-5.102041 0.938776 397.144877
-1.510204 2.367347 0.638761
4.102041 -2.938776 164.143472
2.755102 -5.183673 -60.923805
-3.755102 -0.285714 65.739312
-0.836735 -0.489796 0.387975
5.000000 -4.979592 -338.448949
-1.510204 -1.510204 -7.396723
-1.734694 -5.183673 15.206963
0.959184 2.775510 0.898611
2.755102 -2.326531 62.679599
3.653061 1.551020 -112.550109
2.081633 1.346939 -23.894920
-0.387755 1.551020 0.134601
4.102041 0.122449 -153.479161
0.285714 -3.346939 0.033977
1.632653 -1.714286 10.999424
0.959184 -1.714286 2.230455
-3.530612 -2.530612 -128.008749
4.551020 0.938776 -281.866542
-1.959184 -4.775510 17.969958
-5.326531 4.000000 -453.371835
-3.755102 -2.530612 -154.012089
3.428571 -0.081633 -71.307141
1.408163 -1.102041 3.182080
3.428571 -4.775510 -96.307745
1.857143 1.346939 -16.967944
-2.183673 -3.142857 -20.388662
2.755102 -4.979592 -56.623436
-5.102041 -4.775510 317.360882
4.551020 -4.367347 -138.876171
-3.979592 -3.551020 -56.410480
-4.204082 -4.163265 67.849338
-5.102041 -2.530612 -386.297031
-2.857143 2.979592 -36.596019
-2.632653 -3.755102 -5.403820
3.428571 0.938776 -120.519351
-3.081633 -0.897959 -16.198569
-4.653061 -3.959184 31.736595
4.102041 1.142857 -198.750973
-2.183673 -6.000000 26.210984
-5.326531 -5.183673 440.257983
3.204082 -1.510204 70.638777
-2.632653 0.122449 40.572370
-6.000000 -0.693878 11.994721
-3.081633 -1.918367 -82.015980
0.959184 3.591837 2.429959
-2.857143 -5.183673 67.946928
1.183673 -1.918367 4.647845
2.755102 -1.102041 23.832257
2.979592 -5.591837 -78.253343
0.285714 -2.938776 0.055465
4.102041 -4.367347 -101.695402
-5.551020 2.367347 31.721209
-0.836735 3.591837 -1.613084
4.102041 2.163265 -54.421555
1.857143 -2.734694 17.290132
0.959184 -2.938776 2.098597
-4.653061 0.530612 286.137610
-1.510204 -4.163265 3.145134
-3.530612 0.530612 124.999626
1.632653 0.734694 -12.956002
4.326531 2.775510 82.468029
-1.061224 -4.163265 1.091325
-2.857143 -1.918367 -65.365975
-6.000000 -2.734694 -583.063856
-2.408163 -2.734694 -37.698160
0.061224 -4.367347 -0.000338
3.653061 0.734694 -145.130988
3.428571 0.122449 -89.616729
-0.163265 0.326531 0.011252
-1.734694 -5.387755 15.649198
-5.551020 -3.346939 -249.180065
3.204082 2.163265 -25.934730
-1.061224 -0.489796 0.791521
0.285714 0.530612 -0.066245
1.857143 -1.918367 17.951131
2.530612 -0.489796 -10.732907
-3.979592 1.551020 145.509270
-0.612245 3.183673 -0.471548
1.183673 -4.979592 -4.490337
4.326531 -3.755102 23.984979
1.183673 0.530612 -4.710363
0.734694 -0.897959 0.219509
-1.734694 1.142857 15.030654
4.775510 3.591837 299.883775
-5.775510 3.795918 -565.958780
3.204082 2.979592 51.611763
3.204082 -6.000000 -82.800118
0.510204 -2.734694 0.358504
-1.959184 3.795918 -22.092212
-6.000000 -0.081633 382.161708
-3.530612 4.000000 -132.029605
2.755102 0.326531 -54.071626
-4.428571 2.571429 -36.933691
-2.183673 -4.979592 28.193322
-1.959184 -3.142857 -14.724857
4.775510 -4.367347 -160.457756
-1.734694 -5.795918 14.593713
-5.326531 3.591837 -416.127980
2.530612 1.959184 -22.019342
-4.204082 -3.959184 23.407630
-3.306122 3.795918 -106.162354
-1.061224 -5.795918 3.341328
-1.285714 1.346939 5.630237
-5.102041 -1.510204 -285.209665
2.306122 -3.959184 -3.863591
3.653061 -5.591837 -144.212672
-1.510204 0.734694 10.254069
-3.081633 -0.489796 19.381311
-5.775510 -2.122449 -570.502751
-4.653061 -1.714286 -254.627037
-4.877551 3.795918 -340.893875
1.857143 -5.183673 -18.659925
2.306122 -3.142857 24.014455
0.285714 2.979592 0.036596
-3.979592 -2.938776 -149.878479
3.204082 -0.693878 -1.826615
-1.061224 -3.551020 -1.069710
2.081633 -2.938776 21.450428
-3.081633 0.734694 87.122815
2.530612 -3.142857 31.732366
-1.061224 -3.959184 0.376501
0.061224 1.346939 -0.000608
4.102041 -0.081633 -122.121843
1.632653 2.979592 6.828412
-4.428571 -4.979592 235.165776
4.326531 3.591837 223.004167
0.734694 0.122449 -0.881797
3.204082 1.755102 -61.596033
3.653061 -1.102041 55.554975
2.081633 -1.102041 10.279320
-1.959184 -0.081633 13.305123
2.530612 -0.897959 8.970380
0.734694 1.755102 -0.742611
1.632653 -4.571429 -8.583697
-4.204082 2.367347 13.779856
0.285714 -3.755102 0.006907
-5.551020 0.734694 509.222718
0.734694 3.387755 0.973610
4.775510 -2.326531 326.416782
2.081633 -4.571429 -17.791187
-3.306122 -0.693878 2.006750
-1.061224 -4.571429 2.357298
-5.102041 -3.346939 -193.475781
-0.163265 -5.795918 0.012167
-0.387755 1.755102 0.109173
-5.102041 -0.897959 -73.513286
-2.632653 -5.591837 53.977587
-2.408163 -0.897959 -7.730220
-5.326531 2.571429 -64.263598
3.428571 1.346939 -106.765983
0.959184 -5.387755 -2.645629
2.306122 -3.346939 17.866600
-3.081633 -1.102041 -33.349913
5.000000 -1.714286 315.935355
-1.285714 -5.183673 6.191664
3.428571 2.163265 -31.776833
2.306122 -0.285714 -15.226743
4.326531 -4.775510 -193.526727
2.081633 2.979592 14.153057
-0.836735 1.755102 1.096997
-2.632653 -1.306122 -30.624622
1.183673 1.346939 -4.393282
0.285714 4.000000 0.069971
3.428571 -4.979592 -109.124624
0.285714 -5.591837 -0.068997
-4.204082 2.775510 -75.662327
-2.408163 -3.551020 -12.499769
-1.285714 -3.755102 -0.629439
-2.408163 -0.285714 17.338747
5.000000 -4.775510 -298.697523
-4.204082 2.163265 58.584730
-5.775510 -2.326531 -577.409884
-3.081633 -3.959184 9.219060
-1.959184 -2.530612 -21.873337
-4.204082 -1.918367 -208.242465
2.306122 0.326531 -31.710527
3.204082 -5.387755 -98.613021
4.326531 -4.163265 -73.952275
-0.836735 0.938776 1.751784
2.755102 1.959184 -28.414537
4.775510 -5.795918 -304.478468
1.183673 -0.897959 0.917973
-4.204082 2.571429 -31.596951
-3.755102 0.530612 150.391702
2.306122 -3.755102 3.632178
-0.387755 1.346939 0.154442
0.734694 -3.346939 0.577716
-1.734694 -3.142857 -10.221019
4.102041 -4.775510 -164.938310
3.204082 -1.918367 92.186344
2.081633 -1.510204 19.370674
3.428571 -0.693878 -2.238082
0.734694 1.959184 -0.538824
0.510204 -1.510204 0.285210
-0.612245 1.346939 0.607951
3.204082 0.530612 -93.426346
1.408163 3.795918 8.203001
2.755102 -5.795918 -58.466934
5.000000 -5.795918 -349.467882
-0.387755 -6.000000 0.146755
3.877551 0.734694 -173.564884
4.326531 -1.918367 226.973533
-5.775510 2.571429 -81.922429
-1.285714 -3.142857 -4.161588
4.102041 3.591837 190.061245
-2.857143 -5.591837 68.996719
4.775510 -4.979592 -294.878079
3.204082 2.367347 -6.100170
-3.306122 -1.102041 -41.182140
2.081633 3.183673 18.533705
5.000000 -2.122449 370.166140
0.959184 -2.530612 2.566817
1.183673 0.326531 -4.287974
2.979592 -4.367347 -38.973707
0.959184 -1.102041 1.005674
0.061224 0.122449 -0.000510
-5.551020 -0.489796 113.281510
3.428571 2.775510 41.039861
-4.428571 -4.571429 171.310353
-3.979592 0.734694 187.631130
-1.285714 -2.530612 -6.181914
-0.163265 -1.714286 -0.010999
-0.163265 -5.591837 0.012874
2.979592 -1.510204 56.807121
2.979592 0.122449 -58.819295
-4.877551 -3.346939 -169.044205
-5.551020 -4.367347 252.011208
-1.510204 -0.285714 4.276287
1.857143 -0.489796 -4.242057
-5.775510 -5.183673 561.235358
0.510204 -0.693878 -0.007375
-0.163265 -2.530612 -0.012658
-0.612245 -4.367347 0.338125
-5.775510 -5.591837 569.906536
-1.510204 -0.693878 0.191268
-3.081633 -3.551020 -26.193094
0.285714 -3.551020 0.020876
-0.612245 -5.795918 0.641612
2.081633 1.755102 -16.890959
3.428571 -2.326531 120.796055
3.428571 2.979592 63.237921
-4.653061 1.959184 136.881206
-0.836735 1.551020 1.352504
0.061224 -1.714286 0.000580
3.877551 1.959184 -79.213661
-3.979592 -4.979592 170.647037
2.979592 0.734694 -78.751644
4.551020 1.551020 -217.621309
3.204082 -5.183673 -95.826290
-3.979592 -0.285714 78.248410
-1.734694 0.530612 14.826109
-4.204082 2.979592 -116.587342
-5.551020 -3.755102 -50.656884
-5.102041 -0.489796 87.957392
2.979592 -1.714286 66.858795
1.632653 1.551020 -10.047472
3.877551 2.775510 59.366143
0.734694 -3.959184 -0.124929
0.959184 -3.959184 -0.278003
0.061224 -5.795918 -0.000642
1.857143 -0.693878 -0.355691
-4.877551 1.142857 334.129479
2.530612 3.795918 47.609164
3.428571 -4.163265 -36.802032
-5.102041 0.122449 295.312119
0.959184 1.142857 -2.541059
3.653061 4.000000 146.248731
-3.530612 3.795918 -129.289663
-4.428571 -2.326531 -260.317946
-1.959184 2.163265 5.929205
0.510204 1.142857 -0.382420
4.775510 -1.306122 182.788633
1.183673 -0.081633 -2.934196
-3.979592 -0.693878 3.499871
1.632653 -3.755102 1.288848
-1.061224 -1.918367 -3.349482
4.551020 0.530612 -267.722575
-2.632653 2.367347 3.383858
1.857143 -4.775510 -15.305853
1.408163 -5.795918 -7.806499
0.061224 0.530612 -0.000652
-1.285714 -0.285714 2.638720
2.755102 -4.775510 -49.972914
1.408163 -3.142857 5.467448
-1.061224 -1.714286 -3.020717
-3.530612 -3.346939 -64.112822
1.408163 0.122449 -6.208812
-0.612245 -1.918367 -0.643178
-4.428571 0.734694 258.571265
2.530612 0.326531 -41.901849
-4.204082 -4.571429 146.556833
-4.204082 -6.000000 187.039641
-2.857143 -0.489796 15.446725
3.204082 1.959184 -44.692870
2.755102 2.367347 -3.878326
-1.734694 -0.693878 0.289871
-1.285714 0.122449 4.725882
0.959184 0.530612 -2.506478
3.428571 -0.897959 22.308669
3.877551 1.551020 -134.600797
-2.183673 -4.163265 9.508134
-3.306122 -0.897959 -20.002803
3.877551 -3.959184 -18.366085
-5.775510 -2.938776 -458.136347
3.204082 -3.551020 29.441160
0.061224 1.755102 -0.000430
4.326531 2.571429 34.439045
-2.183673 -2.326531 -31.208740
-6.000000 0.326531 558.483206
-3.530612 -4.979592 119.160750
-5.551020 -2.122449 -506.529973
4.775510 -2.530612 316.773553
-2.408163 -1.510204 -29.990951
4.551020 0.122449 -209.592546
3.204082 0.734694 -97.926451
4.326531 -0.489796 -53.636434
4.551020 -4.163265 -86.071336
0.734694 3.183673 0.814834
-2.632653 -1.714286 -46.117856
2.081633 1.551020 -20.825112
-4.428571 0.938776 259.721642
0.061224 2.775510 0.000234
3.653061 2.979592 76.490735
-5.102041 -2.734694 -358.504124
1.857143 -1.306122 10.750429
-0.163265 -3.755102 -0.001289
0.510204 2.163265 -0.104714
4.551020 -5.183673 -274.599857
-4.204082 -2.938776 -176.700225
2.081633 -3.142857 17.661920
1.632653 -3.142857 8.521330
2.979592 1.142857 -76.169246
1.408163 -4.163265 -2.549713
-0.163265 3.387755 -0.010684
0.959184 1.551020 -2.037419
0.734694 1.551020 -0.915576
-0.387755 -3.755102 -0.017266
-6.000000 -4.367347 318.240270
0.285714 -4.979592 -0.063151
0.285714 -3.142857 0.045669
-4.877551 -2.326531 -347.791217
-1.510204 -4.979592 9.325885
-5.326531 1.959184 205.333970
3.428571 1.959184 -54.760465
-0.163265 -3.959184 0.001371
4.102041 1.551020 -159.358415
2.306122 0.122449 -27.270718
5.000000 1.959184 -169.839044
2.979592 -5.795918 -73.955007
4.102041 2.979592 108.302358
-0.836735 -2.530612 -1.703935
4.551020 2.775510 95.982625
-3.530612 -0.693878 2.443917
-1.285714 1.142857 6.119878
2.081633 -3.346939 13.140355
1.857143 3.183673 13.160910
-4.428571 1.755102 162.642107
4.551020 -0.285714 -117.027055
4.102041 -5.387755 -206.930009
-0.163265 -3.346939 -0.006340
3.877551 2.163265 -45.966726
-4.428571 -1.510204 -186.519144
-4.204082 3.795918 -218.286640
-4.653061 -3.551020 -90.169675
-3.081633 2.775510 -29.799493
1.183673 4.000000 4.975274
-4.653061 4.000000 -302.229989
2.979592 -5.183673 -77.062711
-1.061224 0.530612 3.394536
4.102041 3.387755 169.459352
4.326531 1.551020 -186.979680
-6.000000 -1.918367 -605.354294
4.326531 3.183673 166.406126
-3.530612 3.183673 -90.427399
4.775510 -3.551020 97.477310
-5.551020 -0.081633 302.629939
-1.285714 -5.591837 6.287326
-1.061224 -4.775510 2.855903
0.959184 -3.551020 0.789859
-2.408163 -2.122449 -41.356565
-1.285714 -5.387755 6.371724
0.285714 -4.775510 -0.055734
-3.306122 3.591837 -99.506268
1.857143 2.367347 -1.187865
2.979592 3.591837 72.838998
-3.530612 -2.938776 -104.658318
3.653061 1.959184 -66.236652
-2.632653 1.959184 24.791820
-4.877551 -2.530612 -337.516529
-2.632653 -3.959184 5.748108
-1.061224 -4.367347 1.760853
-1.061224 -2.938776 -2.842140
4.102041 -0.897959 38.206212
-3.979592 -0.081633 111.508767
-1.285714 2.979592 -3.334812
-5.551020 0.938776 511.488238
1.857143 -3.142857 12.541849
5.000000 2.979592 196.131791
2.755102 -0.693878 -1.161313
-2.857143 1.755102 43.675501
-0.836735 3.387755 -1.438232
4.775510 -1.918367 305.221560
-0.387755 -5.183673 0.169843
-2.857143 0.530612 66.245215
2.306122 1.142857 -35.314773
-2.408163 -5.387755 41.867914
-0.836735 -3.755102 -0.173494
-1.734694 1.346939 13.828078
-0.612245 -3.959184 0.072297
-5.551020 -0.897959 -94.678751
-5.775510 1.346939 510.345587
2.755102 1.142857 -60.217455
-3.081633 -3.142857 -57.301797
5.000000 -2.938776 297.258098
-5.326531 -5.795918 422.503719
-5.551020 3.183673 -351.453959
-4.877551 0.938776 346.994541
-5.775510 1.755102 360.755612
0.734694 -0.693878 -0.022022
-4.653061 2.571429 -42.839861
0.061224 0.326531 -0.000593
5.000000 1.755102 -234.073389
2.081633 -4.775510 -21.554298
-2.183673 -5.387755 31.216675
-6.000000 -3.346939 -314.665098
0.959184 -3.755102 0.261352
-6.000000 -4.775510 516.149320
2.306122 -2.122449 36.318990
1.183673 -2.326531 4.970601
0.285714 -5.183673 -0.067947
0.734694 -4.571429 -0.782189
-3.755102 1.551020 122.247588
-1.510204 1.551020 7.952103
1.408163 1.346939 -7.396944
0.061224 -2.734694 0.000619
-3.530612 -1.306122 -73.865207
-5.326531 0.326531 390.741599
1.408163 -5.591837 -8.260220
4.102041 3.795918 202.774653
-4.204082 -1.102041 -84.677012
2.530612 -1.510204 34.802406
0.510204 0.122449 -0.295312
-5.102041 1.551020 306.624501
-3.530612 2.367347 8.161713
3.653061 2.775510 49.640612
-2.183673 -2.734694 -28.107710
1.183673 -3.346939 2.415965
-2.408163 1.551020 32.242807
3.877551 -4.367347 -85.896199
-2.632653 -3.346939 -26.581269
-1.959184 -1.918367 -21.075667
-3.081633 1.346939 77.523951
-0.163265 1.959184 0.005913
2.306122 -1.510204 26.337803
-1.285714 -1.714286 -5.371822
-0.387755 -5.591837 0.172467
-1.959184 -4.367347 11.079670
5.000000 -0.693878 -6.941390
-2.183673 3.387755 -25.563994
2.979592 -0.081633 -46.801928
-2.183673 -3.551020 -9.319815
1.632653 2.571429 1.850604
-6.000000 0.734694 643.047494
3.653061 -4.571429 -96.153147
2.081633 -0.489796 -5.973830
-5.102041 -5.795918 371.303498
1.183673 -1.306122 2.783464
-5.775510 -3.755102 -57.054653
3.204082 -2.734694 88.791846
1.857143 0.938776 -19.153719
-3.306122 0.734694 107.583607
4.775510 -2.938776 258.990011
-0.387755 3.795918 -0.171272
-1.510204 -0.081633 6.093970
2.306122 2.775510 12.488589
-3.755102 -1.102041 -60.341671
-2.857143 -3.959184 7.347505
4.551020 -1.306122 158.203542
0.510204 1.959184 -0.180451
2.530612 -6.000000 -40.794072
4.775510 0.326531 -281.589009
-5.102041 1.959184 180.451006
-3.755102 -2.938776 -125.918317
-2.632653 3.591837 -50.242880
2.306122 3.591837 33.770752
3.428571 2.367347 -7.474306
2.755102 -3.142857 40.948567
2.306122 -2.734694 33.106210
1.408163 4.000000 8.376841
-0.387755 -0.081633 0.103149
4.551020 -3.551020 84.366601
2.755102 -4.163265 -19.096126
-3.530612 -2.326531 -131.905595
3.877551 -6.000000 -146.754965
1.183673 -5.183673 -4.831363
-1.510204 1.142857 9.917821
0.510204 -1.714286 0.335676
-3.081633 -4.571429 57.721187
1.408163 -1.306122 4.686503
-5.326531 -0.081633 267.378634
-1.510204 -5.387755 10.325961
-5.102041 -0.693878 7.375105
-2.408163 -4.775510 33.371781
1.857143 -0.285714 -7.952357
-6.000000 1.755102 404.478815
-0.612245 -4.571429 0.452656
-2.408163 -6.000000 35.154265
3.428571 -1.306122 67.644028
-3.530612 -0.081633 77.865215
-2.408163 1.959184 18.975154
0.285714 -4.163265 -0.021297
-2.632653 -2.938776 -43.391491
2.530612 -0.081633 -28.672808
-6.000000 0.530612 613.496932
-0.163265 -0.489796 0.002882
3.204082 0.938776 -98.362124
-4.428571 -3.346939 -126.527750
1.632653 -1.510204 9.345750
4.775510 3.183673 223.773833
-4.204082 -5.591837 219.809264
-6.000000 -5.591837 638.978613
-0.163265 -2.938776 -0.010349
-0.387755 1.959184 0.079214
-0.836735 -4.367347 0.863107
-4.428571 3.387755 -213.234057
-3.755102 -3.551020 -47.392480
-5.551020 2.775510 -174.174570
-5.551020 -6.000000 430.564988
1.183673 -2.938776 3.943841
-5.326531 -0.897959 -83.650267
-1.510204 -1.918367 -9.653011
5.000000 -1.510204 268.437055
-3.755102 -3.142857 -103.679016
-0.836735 0.326531 1.514676
2.979592 -2.734694 71.405670
2.755102 0.734694 -62.259032
4.775510 -5.183673 -317.273128
1.857143 -5.795918 -17.907427
2.979592 0.530612 -75.132696
-0.163265 1.142857 0.012531
1.183673 -0.693878 -0.092094
-6.000000 0.938776 645.908397
2.306122 0.938776 -36.674506
2.530612 -3.959184 -5.105295
3.428571 -4.571429 -79.493616
-2.857143 -2.530612 -67.839939
4.326531 -1.306122 135.928084
-1.734694 -4.571429 10.295826
3.428571 3.387755 98.947588
4.102041 2.367347 -12.800625
1.183673 -6.000000 -4.174611
-5.102041 -3.142857 -260.050339
3.653061 -4.163265 -44.514659
1.408163 -1.918367 7.825551
-1.285714 4.000000 -6.376093
3.653061 -1.306122 81.820232
-1.061224 -3.755102 -0.353950
-2.183673 -5.183673 30.334515
-0.612245 0.938776 0.686266
4.102041 -3.346939 100.552936
1.857143 2.571429 2.723753
-5.551020 0.530612 485.821932
-5.102041 2.979592 -208.386589
5.000000 3.795918 367.217820
1.183673 -4.571429 -3.271059
-5.775510 -1.918367 -539.916926
-5.551020 3.795918 -502.495535
-6.000000 -5.387755 647.555946
-1.510204 -2.122449 -10.199846
-3.081633 2.571429 -12.444411
-1.734694 3.795918 -15.334947
-1.285714 0.530612 6.036595
-0.612245 -4.163265 0.209560
-3.530612 -6.000000 110.782283
-4.653061 -5.387755 302.022881
-2.857143 -3.551020 -20.875653
0.061224 -2.326531 0.000688
3.653061 2.571429 20.730158
-0.612245 -1.510204 -0.492842
3.877551 2.367347 -10.811945
-1.510204 2.571429 -1.464666
4.102041 -3.551020 61.779464
-3.979592 -5.387755 188.946625
-0.163265 -5.387755 0.013047
-5.775510 2.775510 -196.172145
4.551020 3.183673 193.676228
-1.510204 -1.714286 -8.705528
3.877551 -5.183673 -169.842557
1.857143 -6.000000 -16.123383
2.530612 -1.306122 27.199860
-0.836735 -5.795918 1.637799
3.428571 -2.938776 95.843637
-3.530612 -1.102041 -50.153607
1.183673 1.142857 -4.775349
-0.163265 -3.551020 -0.003895
1.857143 -2.122449 18.968047
-5.551020 -1.918367 -479.373859
1.183673 2.163265 -1.307575
-2.857143 -2.326531 -69.905125
-5.326531 -3.959184 47.607712
0.285714 1.551020 -0.053848
2.306122 1.346939 -32.489302
-3.979592 -1.306122 -105.780459
-3.306122 0.938776 108.062244
1.857143 0.530612 -18.192592
-0.387755 -2.326531 -0.174737
0.510204 2.367347 -0.024630
-5.326531 0.938776 451.908449
3.877551 -2.938776 138.642457
-0.387755 -1.510204 -0.125200
-0.612245 1.142857 0.660823
2.081633 -2.326531 27.034941
4.775510 2.775510 110.898483
-0.612245 -1.714286 -0.580048
-1.510204 0.530612 9.782854
-5.326531 -3.142857 -295.909508
-2.857143 3.795918 -68.518777
1.632653 -1.918367 12.196567
0.061224 1.551020 -0.000530
0.734694 -3.142857 0.776506
1.183673 3.591837 4.566562
-1.061224 -3.142857 -2.340170
-2.632653 -2.530612 -53.072614
-2.857143 -3.346939 -33.977443
-1.959184 -5.591837 22.246312
1.632653 1.755102 -8.149365
-2.857143 -2.122449 -69.068901
3.204082 4.000000 98.680643
5.000000 -3.551020 111.880453
-2.408163 3.183673 -28.695100
-4.428571 -0.489796 57.521674
0.285714 -4.367347 -0.034363
-2.632653 -5.795918 51.012681
0.510204 3.795918 0.390162
0.061224 -1.102041 0.000262
-1.061224 1.959184 1.623863
-2.183673 2.367347 1.931054
0.734694 -6.000000 -0.998250
-4.877551 -1.510204 -249.194191
0.285714 -5.387755 -0.069923
-0.163265 2.367347 0.000807
4.326531 -2.734694 218.615883
-0.836735 3.795918 -1.720985
-0.163265 -1.510204 -0.009346
-3.306122 2.775510 -36.797904
-3.306122 -6.000000 90.965570
-1.959184 2.775510 -7.657583
1.408163 -3.959184 -0.879636
-2.408163 -3.142857 -27.345346
0.510204 3.387755 0.326060
-1.061224 0.122449 2.657488
-2.183673 -0.285714 12.927752
0.285714 0.938776 -0.069745
0.959184 -0.285714 -1.095633
-3.081633 -1.510204 -62.845626
0.734694 -5.591837 -1.173145
-2.408163 -1.714286 -35.297667
1.408163 -4.367347 -4.113963
0.510204 2.571429 0.056476
-3.755102 -4.163265 48.350105
0.959184 3.387755 2.166561
-3.530612 0.122449 97.858725
-4.653061 -2.938776 -239.574165
-3.979592 -4.163265 57.550326
-5.326531 -5.387755 453.061154
2.755102 -2.938776 49.732094
-4.428571 -1.306122 -145.774249
3.204082 3.387755 80.756284
2.306122 2.163265 -9.669814
-1.959184 -3.551020 -6.730846
-0.163265 -2.734694 -0.011747
-2.408163 2.775510 -14.220801
-5.551020 2.163265 134.861966
-1.510204 -6.000000 8.670161
-5.775510 0.122449 428.371482
-1.285714 2.163265 1.675731
4.102041 1.755102 -129.253396
4.775510 1.551020 -251.440019
-4.204082 -5.183673 216.464847
0.061224 -2.530612 0.000668
0.510204 -2.326531 0.398057
-5.551020 -5.387755 512.792916
2.081633 -2.734694 24.348636
4.326531 -2.530612 235.564003
4.551020 -3.142857 184.566122
4.551020 3.591837 259.549374
-3.306122 0.122449 80.353776
1.408163 -2.938776 6.640224
-0.836735 1.959184 0.795959
-1.061224 2.163265 0.942308
4.775510 1.142857 -313.594663
-6.000000 -1.306122 -362.529710
-3.979592 2.775510 -64.177363
-3.530612 -2.122449 -130.327705
0.734694 -3.551020 0.354947
0.285714 0.326531 -0.060305
-2.408163 2.979592 -21.912693
-0.387755 -0.693878 0.003237
1.183673 -0.285714 -2.058997
-0.163265 -0.081633 0.007700
-3.081633 -2.326531 -87.711341
0.061224 -4.979592 -0.000621
5.000000 2.775510 127.284725
-3.530612 -3.959184 13.864177
-3.306122 2.979592 -56.701531
4.326531 1.959184 -110.039058
0.734694 -2.122449 1.174373
1.632653 -0.693878 -0.241667
-1.061224 4.000000 -3.585445
-1.959184 -1.510204 -16.149457
2.530612 1.142857 -46.664449
-4.204082 -2.326531 -222.703257
-0.612245 -0.693878 0.012744
-4.204082 -3.346939 -108.245100
-3.979592 3.183673 -129.498746
-0.612245 -1.102041 -0.261534
-1.734694 -3.346939 -7.604372
3.204082 -5.795918 -91.961908
-0.163265 -4.979592 0.011783
0.510204 2.979592 0.208387
0.959184 0.326531 -2.281717
1.632653 2.775510 4.431472
-0.836735 -1.102041 -0.667599
-3.979592 2.367347 11.688179
-4.877551 -5.591837 343.271726
1.408163 2.979592 4.381240
2.979592 4.000000 79.358159
-0.163265 -2.122449 -0.012887
3.877551 -5.591837 -172.466653
0.061224 -3.959184 -0.000072
-4.204082 0.530612 211.043541
-1.734694 -6.000000 13.139801
-3.306122 -5.387755 108.337884
-2.408163 -2.530612 -40.620696
-5.102041 0.734694 395.385816
-3.979592 -4.367347 92.857498
-4.877551 0.326531 300.028030
3.428571 3.795918 118.400447
-1.510204 2.775510 -3.507302
2.755102 1.551020 -48.282320
0.734694 -1.714286 1.002322
-2.183673 1.346939 27.583946
2.755102 -2.530612 60.827876
0.285714 -2.122449 0.069069
-5.551020 2.571429 -72.736136
1.857143 -1.714286 16.189154
1.632653 2.367347 -0.807073
2.755102 -5.387755 -62.695535
-0.163265 0.734694 0.012956
2.306122 -4.163265 -11.199001
-3.755102 1.142857 152.466545
-5.551020 -2.734694 -461.722291
-3.306122 -3.959184 11.384156
2.979592 -4.979592 -71.623161
1.632653 3.795918 12.784845
0.734694 1.346939 -1.050540
-2.183673 3.795918 -30.589813
5.000000 0.530612 -355.032947
2.979592 3.387755 64.943537
4.102041 1.959184 -93.783720
-0.612245 -4.979592 0.621382
1.632653 0.122449 -9.676788
0.734694 2.571429 0.168636
-6.000000 3.183673 -443.816781
-5.775510 -1.306122 -323.341106
-4.877551 4.000000 -348.118191
-0.387755 -1.714286 -0.147354
-2.183673 1.551020 24.040205
4.326531 -3.551020 72.487571
-4.204082 -1.510204 -159.568026
1.632653 -1.306122 7.304182
-2.857143 3.387755 -57.261336
-1.061224 1.551020 2.759287
-5.102041 -5.387755 398.157894
3.653061 2.163265 -38.436326
5.000000 -1.102041 142.449889
0.510204 0.734694 -0.395386
-5.102041 -4.163265 121.272961
-5.326531 3.183673 -310.515476
-1.510204 3.795918 -10.118605
3.653061 0.122449 -108.397767
-4.877551 -4.163265 105.958953
3.204082 -1.306122 55.207816
-1.510204 3.591837 -9.484197
2.979592 -2.938776 62.906281
3.204082 -0.897959 18.207267
-3.081633 -4.163265 26.722359
-0.612245 -4.775510 0.548400
2.530612 2.163265 -12.777557
3.877551 -2.734694 157.374706
-1.061224 -6.000000 3.008445
0.734694 2.979592 0.622239
4.326531 -5.183673 -235.935505
-5.102041 -4.571429 261.953639
-0.387755 -3.959184 0.018366
1.632653 -3.346939 6.339814
-4.877551 2.571429 -49.344325
-4.428571 -3.959184 27.361190
5.000000 -0.081633 -221.158396
0.285714 1.755102 -0.043676
-4.877551 -3.551020 -103.860322
-0.163265 0.938776 0.013014
2.530612 0.122449 -36.035147
-2.857143 1.959184 31.690084
-1.959184 0.326531 19.443830
0.510204 -0.897959 0.073513
-2.857143 -0.897959 -12.910109
-4.428571 1.346939 230.082856
-0.836735 -0.693878 0.032531
2.530612 -4.367347 -23.876914
0.734694 2.367347 -0.073545
-3.306122 -5.591837 106.902872
2.530612 -1.918367 45.418490
5.000000 -2.326531 374.647777
-4.428571 -2.530612 -252.627454
-4.428571 -0.081633 153.668333
-3.081633 0.938776 87.510423
-1.734694 -3.755102 -1.545925
-3.530612 -4.163265 40.186693
3.653061 -6.000000 -122.713147
-1.734694 -3.959184 1.644419
4.775510 0.938776 -325.669068
-5.102041 -3.755102 -39.332521
4.551020 -5.795918 -263.526081
-4.877551 -4.775510 277.285444
0.510204 3.183673 0.272886
-4.653061 -4.775510 240.734265
-5.102041 -5.591837 392.884013
-6.000000 3.795918 -634.552394
4.326531 2.979592 127.074182
4.775510 1.755102 -203.939505
2.530612 0.938776 -48.461181
-1.285714 2.775510 -2.164211
2.755102 -0.081633 -37.000406
-1.734694 -4.367347 7.690772
0.959184 2.163265 -0.695787
-1.734694 -0.285714 6.480798
3.877551 -1.714286 147.353610
-2.408163 -0.693878 0.775522
4.551020 -0.081633 -166.770706
-5.775510 -0.081633 340.850931
-0.836735 -5.591837 1.732989
3.877551 -0.081633 -103.149228
2.306122 1.959184 -16.663822
-4.877551 -3.755102 -34.365721
-3.755102 -6.000000 133.286287
4.102041 0.938776 -206.403526
-1.734694 -2.530612 -15.183018
-1.510204 -2.734694 -9.297566
0.510204 -0.081633 -0.234977
2.755102 0.938776 -62.536021
-2.632653 1.755102 34.168264
3.877551 -4.163265 -53.235919
3.428571 -3.346939 58.713021
-5.102041 -0.081633 234.976919
0.959184 -3.142857 1.727949
-1.285714 3.387755 -5.217939
-2.183673 -1.918367 -29.182263
5.000000 0.122449 -277.945404
-3.530612 -4.367347 64.841261
-0.387755 1.142857 0.167873
4.551020 1.346939 -249.700635
-3.530612 2.163265 34.699329
-1.734694 -1.510204 -11.209881
-4.428571 1.959184 118.009911
-0.163265 4.000000 -0.013056
-5.551020 -3.551020 -153.095588
-3.979592 2.571429 -26.800775
-6.000000 -0.285714 268.172153
2.081633 -0.285714 -11.198818
3.204082 -3.959184 -10.362266
-1.061224 -0.897959 -0.661540
2.081633 -4.979592 -24.422799
3.653061 1.346939 -129.141001
-2.408163 -2.938776 -33.210963
4.326531 -0.081633 -143.288970
-3.081633 0.530612 83.119179
-5.326531 -4.571429 298.075260
1.408163 -2.326531 8.368973
-5.775510 -0.489796 127.588527
4.326531 2.367347 -15.019331
-2.632653 -0.489796 12.084299
0.959184 -1.510204 1.895125
-1.285714 -5.795918 5.941973
4.551020 3.387755 231.415241
-0.612245 2.163265 0.180945
-4.428571 -1.918367 -243.414720
-0.612245 -2.326531 -0.687842
-3.306122 3.387755 -88.720180
4.102041 -3.755102 20.441837
-0.387755 0.938776 0.174337
-4.653061 -4.979592 272.771793
-3.081633 -5.387755 87.733640
1.408163 -0.081633 -4.940290
2.979592 -0.489796 -17.519063
-3.306122 3.183673 -74.251763
-2.632653 -5.183673 53.156313
-1.061224 1.142857 3.441368
-1.959184 3.183673 -15.451670
-3.755102 -1.918367 -148.395628
4.551020 -3.755102 27.915560
-1.959184 -4.571429 14.832628
0.061224 -0.693878 -0.000013
-2.857143 -0.693878 1.295186
-4.428571 3.795918 -255.155361
-1.285714 -2.734694 -5.737144
0.061224 1.142857 -0.000661
-5.551020 2.979592 -268.383896
0.959184 -5.591837 -2.610585
-3.530612 1.346939 116.585185
3.204082 1.346939 -87.137283
-0.163265 -1.102041 -0.004959
-4.204082 1.959184 100.958048
0.510204 -4.163265 -0.121273
1.857143 -2.326531 19.197695
0.959184 3.795918 2.592502
-6.000000 -2.122449 -639.647089
0.285714 -2.734694 0.062959
-1.061224 1.755102 2.238019
2.081633 -3.959184 -2.841557
-3.530612 0.326531 113.790613
3.653061 -3.142857 95.454519
-5.102041 -4.367347 195.674021
-3.979592 1.755102 118.020547
-3.081633 3.795918 -85.971863
-2.183673 -2.122449 -30.835413
-4.653061 -1.510204 -216.345942
-2.408163 2.163265 11.011052
3.653061 3.183673 100.166113
0.285714 3.387755 0.057261
-2.632653 -2.734694 -49.254199
-3.755102 -0.693878 2.940368
-0.836735 1.346939 1.551875
-1.285714 -4.979592 5.754619
-4.653061 -2.530612 -293.025816
-2.632653 1.551020 42.126556
-2.183673 0.734694 30.999336
5.000000 1.551020 -288.592527
-3.755102 2.163265 41.748055
3.653061 0.530612 -138.461648
-5.102041 -2.122449 -393.295034
1.857143 -4.163265 -5.848818
2.979592 -3.142857 51.795969
1.632653 -5.795918 -12.166873
-2.857143 -6.000000 58.710544
-2.632653 -6.000000 45.930495
-3.979592 -4.571429 124.310623
0.959184 0.734694 -2.627209
3.653061 3.387755 119.684101
4.102041 -0.489796 -45.713081
-4.428571 -2.734694 -234.451670
-1.734694 3.183673 -10.725524
-2.183673 3.591837 -28.671917
2.755102 -1.714286 52.856850
1.632653 -5.591837 -12.874023
-3.979592 -4.775510 150.604241
2.306122 0.530612 -34.834191
3.653061 -0.489796 -32.285789
-5.775510 -3.551020 -172.430969
-5.326531 -4.979592 409.181923
-6.000000 -0.489796 143.052123
-2.857143 -0.285714 28.957149
1.183673 2.571429 0.705225
3.653061 -5.387755 -146.148512
-3.530612 -0.897959 -24.360383
1.408163 2.775510 2.843317
3.877551 2.571429 24.791586
4.551020 1.142857 -271.416146
3.653061 -0.081633 -86.251026
2.755102 -2.122449 61.929809
-4.653061 0.734694 299.920119
-2.183673 0.938776 31.137251
-2.632653 2.775510 -18.580062
-1.510204 -1.102041 -3.925175
-4.428571 2.775510 -88.441731
2.530612 4.000000 48.618110
-0.163265 1.551020 0.010047
2.081633 -5.591837 -26.683626
-5.326531 -1.918367 -423.534856
-0.612245 -1.306122 -0.385181
-6.000000 1.142857 621.960898
-2.408163 3.387755 -34.286519
5.000000 0.326531 -323.196300
-4.204082 0.326531 192.118766
-5.326531 0.122449 336.033648
-3.755102 -2.326531 -158.700530
2.530612 -5.183673 -47.211823
-2.408163 -5.795918 39.044066
1.408163 -1.510204 5.996412
1.183673 1.755102 -3.105545
4.775510 -0.081633 -192.687149
-5.326531 -3.755102 -44.756208
1.183673 -3.142857 3.247292
-3.081633 -0.081633 51.776897
2.979592 -1.918367 74.135497
-3.306122 1.755102 67.670414
-6.000000 -5.795918 603.880499
3.877551 -2.530612 169.575125
-3.979592 3.795918 -185.152393
2.306122 -1.102041 13.976525
-1.510204 -3.959184 1.085053
-3.755102 -4.775510 126.528057
-6.000000 -3.142857 -422.940612
1.857143 4.000000 19.215743
-6.000000 1.346939 572.198939
-4.428571 -4.163265 79.309125
4.551020 -1.918367 264.169227
2.306122 -6.000000 -30.872182
1.632653 -3.959184 -1.370963
2.306122 -0.489796 -8.122461
0.510204 -1.102041 0.151351
4.775510 1.346939 -288.504525
-3.979592 -3.142857 -123.407409
-2.632653 -4.367347 26.883281
0.510204 -4.367347 -0.195674
-3.979592 -0.489796 41.740356
3.428571 2.571429 17.138443
1.632653 -4.367347 -6.411846
4.775510 -3.959184 -34.308629
-5.775510 0.938776 576.087226
2.081633 2.775510 9.184987
-5.775510 -0.693878 10.698120
2.081633 0.530612 -25.619516
0.734694 -1.102041 0.451930
-4.653061 -2.326531 -301.946116
-3.755102 2.775510 -53.917718
-5.775510 -4.979592 521.619986
0.510204 -6.000000 -0.334312
4.326531 -4.571429 -159.739379
-3.306122 -4.163265 32.998105
-2.632653 -0.285714 22.653787
-5.551020 -2.938776 -406.763667
1.632653 -2.122449 12.887492
-0.163265 2.571429 -0.001851
-4.653061 -2.734694 -271.943492
-1.734694 -4.775510 12.473552
3.653061 -0.897959 26.983911
2.081633 -0.693878 -0.500897
0.510204 -5.795918 -0.371303
2.081633 -3.755102 2.671359
-1.285714 3.591837 -5.852306
1.632653 2.163265 -3.431253
0.285714 -0.285714 -0.028957
-4.204082 4.000000 -222.912630
-5.326531 -0.285714 187.626082
-3.081633 -4.775510 69.930110
-3.306122 -4.775510 86.353195
-0.612245 3.591837 -0.631930
3.653061 -4.979592 -131.993945
0.734694 -2.938776 0.943068
4.326531 -4.979592 -219.281756
0.959184 1.959184 -1.199038
-4.653061 -1.306122 -169.085417
-4.653061 2.367347 18.683041
4.775510 2.571429 46.311738
-4.204082 -0.285714 92.251481
3.204082 -3.142857 64.407487
-2.632653 0.938776 54.562979
0.959184 -1.306122 1.481137
-3.306122 -0.081633 63.936701
2.755102 -0.897959 11.575696
3.204082 -2.530612 95.675403
-4.653061 -5.591837 298.022376
-3.979592 0.530612 179.008741
4.102041 -2.530612 200.765699
4.102041 0.326531 -178.466333
1.632653 4.000000 13.055785
-2.408163 -1.102041 -15.915119
0.959184 0.122449 -1.962252
-3.979592 -2.326531 -188.898601
-5.551020 -0.693878 9.498497
0.959184 2.979592 1.384661
-5.102041 -1.306122 -222.905938
-5.551020 -2.326531 -512.662581
-0.387755 -1.918367 -0.163391
1.632653 -4.979592 -11.783244
3.877551 3.387755 143.132472
-0.836735 -3.346939 -0.853411
0.734694 -0.081633 -0.701637
2.979592 -0.285714 -32.842050
-0.612245 0.734694 0.683227
-0.163265 3.591837 -0.011983
-0.612245 -5.387755 0.688017
4.775510 -6.000000 -274.144522
-5.326531 -3.346939 -220.154773
-3.979592 -1.918367 -176.632847
0.734694 -5.795918 -1.108706
-5.326531 2.163265 119.152812
-5.102041 3.591837 -365.700389
-1.061224 -2.326531 -3.582077
-4.653061 -1.918367 -282.339848
0.734694 -4.163265 -0.362119
-0.836735 0.530612 1.663880
-3.081633 -2.122449 -86.662114
-5.775510 -3.959184 60.689715
-4.653061 -0.489796 66.720126
-6.000000 -0.897959 -119.560521
-0.163265 -1.306122 -0.007304
2.979592 3.795918 77.711280
-3.755102 3.591837 -145.800450
-5.326531 -6.000000 380.411399
-0.612245 -5.183673 0.668574
-2.632653 4.000000 -54.739666
1.632653 0.530612 -12.360623
3.877551 -2.326531 174.737336
-2.857143 -2.734694 -62.959060
4.102041 -4.571429 -136.142143
3.428571 1.551020 -93.049635
-3.755102 -4.571429 104.437839
1.183673 2.775510 1.688737
2.979592 -0.693878 -1.468949
0.061224 -1.918367 0.000643
-3.081633 2.163265 23.073507
-0.387755 -2.938776 -0.138642
0.959184 2.571429 0.375264
-3.755102 -0.489796 35.067579
-6.000000 -4.979592 584.839784
4.326531 -1.102041 92.293570
-0.387755 -1.102041 -0.066439
-2.632653 -3.142857 -35.727821
3.428571 1.142857 -116.051013
-1.510204 2.163265 2.715676
-1.959184 -2.938776 -17.883361
-4.204082 -2.734694 -200.574533
2.306122 1.755102 -22.966199
-0.163265 1.346939 0.011529
-0.836735 -2.938776 -1.393115
2.306122 -0.897959 6.788614
-5.775510 3.387755 -472.973354
-3.530612 2.571429 -18.714655
-1.510204 -0.489796 2.281117
4.326531 -5.387755 -242.796760
-5.102041 1.346939 351.823693
-3.755102 1.346939 140.267975
4.326531 -3.346939 117.981569
2.081633 2.367347 -1.672798
0.285714 -2.326531 0.069905
4.551020 -0.897959 52.174752
1.183673 -1.510204 3.561461
3.653061 0.938776 -145.776672
0.061224 -0.897959 0.000127
1.408163 -3.755102 0.826950
-2.632653 -5.387755 54.702155
-3.530612 1.959184 59.796752
4.102041 -5.795918 -192.973283
4.326531 -4.367347 -119.322056
-0.163265 -0.285714 0.005403
5.000000 -3.142857 244.757299
-3.306122 -2.530612 -105.110569
-1.734694 -0.897959 -2.889366
-3.530612 -0.285714 54.639913
-0.387755 4.000000 -0.174902
1.632653 -3.551020 3.895166
-6.000000 -1.714286 -545.936294
4.775510 -0.897959 60.282795
1.408163 -1.714286 7.057441
-4.428571 -1.714286 -219.522569
4.551020 -3.346939 137.316009
3.204082 -5.591837 -97.306822
3.877551 -0.285714 -72.382318
-5.326531 -5.591837 447.060041
-3.306122 -1.714286 -91.336638
-1.734694 -3.551020 -4.672107
-1.734694 -1.102041 -5.948680
1.857143 -4.979592 -17.342795
-0.612245 4.000000 -0.688489
-4.653061 1.346939 266.876048
-1.959184 2.571429 -3.197844
-4.428571 -1.102041 -98.979001
-3.979592 0.122449 140.140957
0.959184 -0.897959 0.488472
-3.306122 -3.755102 -10.702292
-4.428571 2.163265 68.479720
-3.081633 2.979592 -45.917748
-1.510204 -1.306122 -5.780918
0.959184 -4.163265 -0.805819
-1.959184 -3.959184 2.369024
0.959184 -4.775510 -2.108759
-2.408163 0.938776 41.761391
4.102041 -0.693878 -3.832978
-3.530612 -2.734694 -118.798905
-1.285714 -4.367347 3.131373
0.734694 -1.306122 0.665594
3.204082 3.795918 96.632775
-4.877551 1.551020 267.904822
-2.632653 0.530612 51.825027
-5.775510 -3.142857 -377.221732
2.530612 -3.551020 14.505110
0.959184 -3.346939 1.285583
5.000000 -5.183673 -364.153066
-2.632653 -4.571429 35.989312
-4.653061 0.122449 224.009164
0.959184 -4.367347 -1.300190
-4.204082 -5.387755 222.759875
4.326531 0.326531 -209.399534
4.775510 0.122449 -242.163573
-3.530612 0.938776 131.603442
-0.387755 -0.489796 0.038611
-0.612245 -0.285714 0.284928
-0.612245 3.387755 -0.563432
-1.734694 1.551020 12.051569
0.734694 -0.489796 -0.262639
2.081633 0.938776 -26.973013
0.285714 -1.102041 0.026580
-1.061224 -1.306122 -2.005911
3.428571 -1.918367 112.952405
-3.755102 3.183673 -108.796568
-0.387755 -2.122449 -0.172647
5.000000 1.346939 -331.133645
-4.653061 0.326531 260.478971
-5.551020 -3.142857 -334.922335
0.510204 -4.775510 -0.317361
-5.775510 -5.387755 577.556680
-3.979592 0.326531 162.956602
4.102041 -5.183673 -201.082321
-6.000000 3.591837 -594.767717
-3.979592 1.959184 85.633386
0.061224 2.571429 0.000098
-0.387755 -4.979592 0.157854
2.530612 1.346939 -42.930912
-2.408163 0.326531 36.108891
1.857143 -3.551020 5.732976
4.102041 -1.306122 115.848332
0.285714 3.183673 0.047923
2.979592 1.346939 -70.075084
4.326531 -2.938776 192.594121
-1.734694 -1.918367 -14.629329
-5.551020 1.755102 320.302627
-4.653061 -4.367347 148.428632
-1.285714 -2.122449 -6.293904
0.061224 2.163265 -0.000181
-0.612245 3.795918 -0.674201
0.510204 -3.142857 0.260050
2.979592 1.755102 -49.535022
0.061224 -4.163265 -0.000210
-4.877551 -0.285714 144.067291
2.306122 -4.775510 -29.306820
1.632653 -4.163265 -3.973872
-4.877551 -5.183673 338.048817
-4.653061 2.775510 -102.584696
-0.612245 -2.530612 -0.667521
-5.102041 -2.938776 -315.831518
-0.387755 -3.551020 -0.052182
-5.775510 1.142857 554.728396
-1.285714 3.795918 -6.243774
0.510204 -0.489796 -0.087957
1.857143 -0.081633 -11.332595
5.000000 -3.959184 -39.378035
2.530612 -3.346939 23.608676
0.510204 -3.346939 0.193476
2.081633 -0.081633 -15.959001
4.326531 2.163265 -63.854330
-4.428571 1.551020 200.523848
-2.857143 -5.387755 69.922897
1.632653 -4.775510 -10.399281
-0.387755 -0.897959 -0.032271
-2.857143 0.326531 60.304849
1.183673 3.183673 3.407577
-5.102041 1.142857 382.420458
-2.183673 4.000000 -31.238081
1.408163 3.591837 7.688696
-2.632653 -2.122449 -54.034056
-4.428571 2.367347 16.107280
-6.000000 3.387755 -530.297231
1.632653 1.142857 -12.531154
2.755102 0.530612 -59.397985
5.000000 -1.306122 209.797286
4.326531 -5.795918 -226.420944
4.551020 -4.979592 -255.216945
-0.612245 2.367347 0.042561
2.081633 2.571429 3.835695
-4.428571 -3.142857 -170.065649
1.183673 -2.530612 4.823756
4.102041 -1.714286 174.456899
-4.653061 -0.693878 5.594390
1.408163 -4.775510 -6.672378
0.959184 0.938776 -2.638897
-6.000000 1.551020 498.687887
-0.163265 -3.142857 -0.008521
1.632653 3.183673 8.941939
-0.163265 -4.775510 0.010399
1.408163 -3.346939 4.067746
-3.979592 -2.530612 -183.318028
-1.061224 -1.510204 -2.566577
1.857143 3.387755 15.725394
-0.612245 0.326531 0.593379
-2.408163 1.346939 36.995686
0.285714 1.142857 -0.067159
3.204082 -1.102041 37.485458
-3.755102 -1.714286 -133.829990
0.959184 2.367347 -0.163658
-4.428571 -0.897959 -48.075633
-4.204082 1.346939 196.836991
-2.408163 0.530612 39.665819
0.734694 0.734694 -1.180616
-1.285714 -1.918367 -5.956474
3.653061 -3.959184 -15.357300
-4.877551 2.163265 91.490600
-3.306122 -4.571429 71.277007
-3.755102 -1.306122 -88.869980
-4.653061 -0.285714 125.076646
-5.775510 2.979592 -302.279745
-4.877551 -6.000000 292.096062
-5.102041 -6.000000 334.312046
-0.387755 2.979592 -0.091477
-1.959184 -0.489796 4.980421
4.102041 -1.918367 193.444242
-1.959184 -1.714286 -19.007004
-5.326531 1.346939 400.337782
-1.061224 -4.979592 3.235973
3.428571 -1.102041 45.929499
4.551020 4.000000 282.779293
0.959184 4.000000 2.647443
-3.530612 -5.387755 131.939129
2.979592 -4.775510 -63.210894
-4.204082 1.755102 139.141106
-3.081633 -0.285714 36.333106
-2.183673 -4.367347 15.341382
-2.183673 -0.489796 6.896102
-6.000000 -5.183673 629.256498
0.285714 1.959184 -0.031690
-3.081633 -1.306122 -49.117070
-3.979592 -2.122449 -186.638945
-5.775510 1.959184 261.757172
-5.551020 -1.306122 -287.083561
-4.653061 -3.142857 -197.261322
-5.102041 2.367347 24.629922
-3.306122 -0.489796 23.933012
-4.204082 0.122449 165.220109
4.102041 -6.000000 -173.748143
1.408163 -2.122449 8.268861
2.081633 -1.714286 22.798196
-0.387755 0.530612 0.165589
-0.387755 -2.734694 -0.157375
-4.428571 -5.387755 260.384127
-3.755102 1.959184 71.943697
4.102041 -2.122449 204.402691
1.857143 1.959184 -8.702889
4.102041 -3.959184 -21.744226
-3.755102 2.979592 -83.081286
0.285714 -4.571429 -0.046003
-6.000000 -1.510204 -463.859231
-6.000000 -3.755102 -63.969617
-3.530612 -4.775510 105.165109
-3.530612 -4.571429 86.804596
-1.959184 -0.285714 9.336528
1.632653 -1.102041 4.959454
-1.061224 -1.102041 -1.361990
-0.163265 2.775510 -0.004431
2.306122 -4.571429 -24.190216
0.510204 2.775510 0.135238
0.734694 4.000000 1.189708
-3.530612 -5.183673 128.210628
-1.285714 -0.897959 -1.176434
-4.204082 -2.122449 -220.039220
-0.836735 1.142857 1.686835
-0.163265 0.122449 0.009677
-1.285714 -4.571429 4.192046
-4.204082 -0.693878 4.126196
-3.306122 -3.142857 -70.759123
3.204082 -1.714286 83.137878
-5.551020 1.959184 232.405282
1.632653 1.346939 -11.528559
-4.428571 -6.000000 218.630728
-2.632653 -4.163265 16.661461
4.326531 -5.591837 -239.580747
-2.632653 -0.693878 1.013252
-0.836735 -1.306122 -0.983226
-1.734694 1.959184 7.092446
-4.877551 3.387755 -284.885976
0.510204 -2.530612 0.386297
-2.183673 -5.591837 30.803188
1.857143 3.591837 17.637197
-1.510204 -4.775510 8.230544
-3.081633 -0.693878 1.625096
-3.081633 -5.183673 85.254352
-4.877551 2.775510 -118.160341
4.551020 -2.938776 224.155826
-4.877551 -5.387755 347.879636
4.775510 1.959184 -147.974491
1.408163 -0.285714 -3.466722
1.408163 3.183673 5.737319
-5.551020 -4.571429 337.373621
3.653061 -3.551020 43.632998
3.877551 0.326531 -150.740145
-1.510204 3.183673 -7.077125
-1.734694 0.326531 13.496616
-0.612245 -3.346939 -0.334326
2.081633 -5.387755 -27.041814
4.551020 2.367347 -17.480651
-3.530612 1.755102 82.412312
-2.857143 -4.367347 34.363489
2.306122 4.000000 36.793266
-3.755102 -2.122449 -156.802111
-5.775510 -3.346939 -280.650545
5.000000 3.591837 344.194281
-5.102041 3.387755 -326.059902
-2.408163 0.122449 31.053265
2.530612 3.591837 44.624201
1.183673 -3.959184 -0.522444
3.428571 -6.000000 -101.451821
-0.612245 0.530612 0.651830
-4.428571 0.530612 246.688899
-1.734694 1.755102 9.774860
-4.653061 -5.795918 281.652464
-0.836735 0.122449 1.302605
-4.428571 2.979592 -136.279001
3.653061 3.591837 134.234605
-5.775510 -0.897959 -106.636312
4.775510 -4.775510 -260.244129
-3.306122 -2.938776 -85.937059
-1.285714 3.183673 -4.367002
-3.755102 1.755102 99.153319
4.775510 -5.591837 -322.175049
-4.204082 1.551020 171.549118
0.285714 -1.510204 0.050087
2.530612 2.979592 25.428152
3.428571 -2.734694 108.793256
-1.061224 0.326531 3.090140
1.183673 -3.551020 1.484362
0.510204 -1.306122 0.222906
2.306122 2.571429 5.215295
0.061224 -3.551020 0.000205
-5.102041 3.795918 -390.162496
-3.530612 -5.795918 123.040284
2.530612 2.367347 -3.005440
-5.102041 2.571429 -56.475949
-5.326531 1.551020 348.905930
3.204082 -2.938776 78.222988
-3.306122 1.346939 95.730450
2.530612 -5.795918 -45.307914
3.653061 -5.183673 -142.018464
-5.326531 1.142857 435.153632
0.061224 -6.000000 -0.000578
1.857143 -4.571429 -12.633643
0.959184 -4.571429 -1.740596
5.000000 2.367347 -23.181486
-5.102041 -5.183673 386.906248
-4.204082 -0.081633 131.463999
3.204082 -4.571429 -64.878883
3.653061 1.142857 -140.371902
2.755102 -1.306122 35.099661
-5.551020 3.387755 -419.936941
-3.755102 0.122449 117.737474
0.510204 -2.122449 0.393295
4.775510 4.000000 326.723661
-4.877551 -4.367347 170.964857
-2.857143 3.591837 -64.222840
-1.734694 -0.489796 3.457077
-5.326531 3.387755 -371.021341
-3.081633 4.000000 -87.793802
-2.183673 1.142857 29.982816
4.326531 -0.285714 -100.549351
-2.857143 -0.081633 41.265707
1.857143 -1.510204 13.755247
1.408163 -5.183673 -8.134540
-3.979592 -5.591837 186.443894
4.551020 0.734694 -280.618080
3.653061 -4.367347 -71.824438
-0.836735 4.000000 -1.757457
-5.551020 -4.979592 463.128630
4.102041 -1.510204 148.228729
4.551020 -1.510204 202.422508
-3.306122 -1.306122 -60.652214
-3.306122 1.959184 49.100320
3.877551 -5.795918 -162.993324
-0.836735 -5.183673 1.706622
-3.979592 0.938776 188.465896
3.204082 0.326531 -85.048583
-1.959184 -5.795918 21.024357
1.408163 -2.530612 8.121731
-3.081633 3.183673 -60.130189
-3.979592 -1.510204 -135.346817
5.000000 -6.000000 -314.651823
-4.204082 -0.897959 -41.128936
4.551020 3.795918 276.910921
-4.204082 3.387755 -182.422763
3.428571 -5.183673 -117.412291
-0.163265 -4.163265 0.003974
-0.612245 -2.122449 -0.679614
-5.551020 -5.591837 506.000613
-5.775510 -5.795918 538.602445
-2.632653 3.387755 -44.796749
2.755102 2.775510 21.295083
-1.734694 2.979592 -8.190427
-2.183673 -1.306122 -17.476439
2.530612 -1.102041 18.468385
0.959184 -6.000000 -2.221394
0.734694 -5.183673 -1.155296
-4.204082 -3.142857 -145.491982
0.061224 -2.122449 0.000680
1.857143 2.775510 6.522322
2.530612 2.571429 6.891418
4.551020 -2.326531 282.513689
3.204082 0.122449 -73.140883
-3.081633 -2.530612 -85.120112
-4.428571 1.142857 250.092284
5.000000 2.571429 53.154711
1.408163 1.959184 -3.793906
-3.755102 -0.081633 93.682538
-1.061224 0.938776 3.573872
-3.530612 3.591837 -121.183560
2.081633 -1.306122 15.139172
-0.612245 -2.734694 -0.619495
2.755102 1.755102 -39.161119
-3.306122 2.571429 -15.366981
-4.877551 0.530612 329.582472
0.285714 0.734694 -0.069436
4.775510 2.163265 -85.867802
-3.306122 1.142857 104.055762
-5.102041 -1.714286 -335.675776
2.306122 -4.367347 -18.069597
-2.632653 -1.510204 -39.184413
-3.755102 -5.591837 156.638242
-5.775510 -4.775510 460.354799
-2.857143 -4.163265 21.297472
-1.285714 0.734694 6.327362
4.775510 -4.163265 -99.446964
-0.612245 2.775510 -0.233691
4.102041 -3.142857 135.152963
-1.285714 2.571429 -0.903785
-0.163265 0.530612 0.012361
-4.653061 -0.897959 -55.763542
-5.326531 -2.122449 -447.527738
2.755102 -1.918367 58.609625
-4.204082 -3.755102 -22.005610
-5.326531 -2.938776 -359.382532
2.306122 -5.591837 -36.281034
0.285714 2.775510 0.023750
2.530612 -4.571429 -31.964614
-4.653061 -0.081633 178.241866
2.081633 1.142857 -25.972970
1.632653 0.938776 -13.013643
-2.632653 2.979592 -28.629837
-5.775510 -4.163265 175.915158
-2.408163 -4.979592 37.812983
-2.183673 -2.938776 -24.762060
-2.632653 -0.081633 32.283031
4.102041 -4.163265 -63.027797
-4.204082 -2.530612 -216.124004
0.285714 0.122449 -0.051862
-3.755102 -5.795918 148.034344
3.653061 -2.122449 144.363542
0.285714 3.795918 0.068519
-5.326531 -2.326531 -452.946001
-2.183673 -1.510204 -22.361223
-4.877551 -5.795918 324.416338
-3.530612 1.142857 126.724154
-3.979592 2.979592 -98.890273
-4.428571 -3.755102 -25.722369
-1.959184 0.530612 21.359157
2.081633 0.122449 -20.056805
-3.755102 -3.346939 -77.136522
-1.285714 -0.081633 3.760338
-3.530612 -1.918367 -123.340568
-0.836735 -4.979592 1.586158
-4.204082 -3.551020 -66.505509
-0.836735 -2.326531 -1.755806
5.000000 2.163265 -98.555536
-4.877551 -1.714286 -293.287584
-1.061224 3.591837 -3.290906
-0.163265 -4.367347 0.006412
-4.428571 -0.693878 4.823112
-3.530612 0.734694 131.020535
2.979592 -1.102041 30.145496
-1.510204 1.755102 6.449840
3.877551 1.346939 -154.442158
-5.102041 4.000000 -398.430926
-4.428571 0.326531 224.567719
-1.734694 -4.163265 4.766512
1.183673 -5.591837 -4.906009
4.551020 2.163265 -74.318573
-5.326531 3.795918 -443.963245
2.530612 -4.163265 -14.798204
-2.632653 0.734694 54.321304
1.183673 1.959184 -2.253322
2.979592 1.551020 -61.072457
0.959184 -0.489796 -0.584448
4.326531 -2.122449 239.831387
-1.285714 1.755102 3.979930
-4.204082 -0.489796 49.210069
-0.387755 2.367347 0.010812
-2.857143 -1.102041 -26.579571
0.959184 -2.734694 2.382142
-3.081633 -4.979592 79.236587
4.102041 -2.326531 206.877414
-3.081633 3.387755 -71.846929
-0.836735 2.367347 0.108641
4.551020 -5.387755 -282.585513
-1.510204 -4.571429 6.793594
-3.081633 -2.938776 -69.593116
1.857143 -2.938776 15.232094
-1.959184 0.734694 22.387972
-2.183673 2.163265 8.209829
-3.979592 3.387755 -154.732379
0.959184 -0.081633 -1.561345
-4.877551 2.979592 -182.072118
5.000000 -3.346939 182.097858
-6.000000 -3.959184 68.045245
2.979592 1.959184 -35.941637
5.000000 -0.285714 -155.192218
1.408163 -6.000000 -7.028769
3.204082 1.551020 -75.942657
-5.551020 1.142857 492.524459
0.061224 -3.755102 0.000068
-3.755102 -2.734694 -142.931384
-1.061224 1.346939 3.166030
-2.408163 -4.163265 12.752343
3.204082 1.142857 -94.715280
-5.326531 -2.530612 -439.564758
4.551020 -3.959184 -29.694114
0.510204 -5.591837 -0.392884
-4.877551 -2.122449 -343.630845
-0.387755 0.734694 0.173565
-4.653061 -6.000000 253.592579
-1.734694 2.571429 -2.219731
-2.408163 -2.326531 -41.857273
0.734694 -1.918367 1.111412
2.755102 2.571429 8.892929
-2.632653 -2.326531 -54.688251
3.877551 -1.102041 66.439242
-3.979592 -3.959184 19.854531
-3.306122 2.163265 28.492320
-1.959184 -5.387755 22.544936
2.081633 1.959184 -12.255747
-3.081633 -1.714286 -73.965776
-1.510204 3.387755 -8.456147
-3.979592 -6.000000 158.648450
-3.306122 -2.326531 -108.310348
-2.857143 0.122449 51.861533
4.775510 3.387755 267.377551
0.510204 1.755102 -0.248699
0.510204 -3.959184 -0.041838
-5.326531 2.775510 -153.886158
-4.204082 -4.775510 177.555868
1.632653 -2.734694 11.747463
2.081633 -2.530612 26.236256
-6.000000 1.959184 293.481867
1.632653 3.591837 11.983270
-2.632653 -4.775510 43.601607
4.102041 -0.285714 -85.695863
0.734694 -5.387755 -1.188893
1.857143 -3.959184 -2.017809
-2.632653 -1.102041 -20.793758
4.102041 -5.591837 -204.189076
-0.836735 -3.142857 -1.147067
-4.428571 -3.551020 -77.738322
-0.836735 -2.734694 -1.581342
-3.306122 -4.367347 53.242469
-4.877551 -2.938776 -275.949204
-5.102041 -1.102041 -151.350510
-5.775510 0.530612 547.179365
2.979592 -4.571429 -52.175062
0.734694 2.775510 0.403818
0.061224 -3.142857 0.000449
-6.000000 4.000000 -648.000000
-1.734694 2.163265 4.115661
0.285714 -0.693878 -0.001295
4.551020 -1.714286 238.239937
-1.959184 1.959184 10.217696
0.734694 -4.775510 -0.947635
2.530612 3.387755 39.787113
-3.081633 1.142857 84.265913
2.755102 -0.489796 -13.850123
0.061224 -0.285714 -0.000285
-3.755102 -4.367347 78.012934
0.510204 -3.755102 0.039333
2.979592 2.571429 11.248693
-2.632653 -4.979592 49.404220
3.204082 -4.775510 -78.601770
0.061224 -3.346939 0.000334
3.877551 -4.571429 -114.991361
2.306122 -1.306122 20.584340
2.979592 -5.387755 -79.303777
3.204082 -4.367347 -48.463202
-5.102041 3.183673 -272.886313
2.306122 -3.551020 10.977193
3.877551 -2.122449 172.647081
2.081633 2.163265 -7.111861
2.530612 -0.693878 -0.899939
-0.387755 -5.387755 0.174782
-4.653061 2.163265 79.430503
1.632653 1.959184 -5.913019
-4.204082 0.734694 221.208963
-2.183673 -3.755102 -3.083778
1.408163 2.571429 1.187383
2.081633 -5.795918 -25.217935
-5.775510 2.163265 151.894511
-3.979592 -2.734694 -170.128849
-4.877551 -2.734694 -313.233233
3.653061 -1.918367 136.623916
-5.775510 -2.734694 -520.036032
-3.979592 -3.346939 -91.814319
-0.387755 -4.367347 0.085896
-4.877551 -3.959184 36.555227
0.959184 1.755102 -1.652522
-3.530612 2.979592 -69.053874
3.428571 4.000000 120.909621
-2.408163 -1.918367 -39.139354
-1.285714 0.938776 6.355513
